1 0.773770 0.532521 0.024055 0.073736
1 0.916887 0.830313 0.029867 0.082597
1 0.182648 0.683556 0.026547 0.075222
0 0.277641 0.774264 0.035672 0.091444
0 0.091801 0.878319 0.043977 0.107528
0 0.080184 0.795722 0.047289 0.069167
0 0.378859 0.544250 0.040656 0.053250
0 0.851758 0.918882 0.052266 0.124042
0 0.899461 0.554493 0.031531 0.082597
0 0.480906 0.454278 0.035672 0.056194
2 0.905270 0.619396 0.044805 0.082597
3 0.524461 0.879132 0.068031 0.194681
3 0.222883 0.887174 0.068859 0.155014
3 0.284277 0.663792 0.057242 0.085556
3 0.403746 0.483847 0.053930 0.064889
7 0.328664 0.581937 0.046453 0.098819
10 0.288426 0.501472 0.123617 0.182750
10 0.429051 0.387833 0.089602 0.115056
10 0.103414 0.514750 0.153484 0.168000
10 0.206289 0.434292 0.103703 0.140111
