2 0.341215 0.551743 0.058508 0.077375
1 0.691055 0.751646 0.030078 0.096986
2 0.259711 0.629535 0.066203 0.094069
2 0.303207 0.646667 0.062898 0.085278
3 0.351977 0.880785 0.092141 0.161486
3 0.088746 0.764167 0.090320 0.135000
3 0.147637 0.671167 0.080352 0.111500
2 0.171895 0.739653 0.075586 0.106806
4 0.233508 0.684993 0.057797 0.161486
2 0.524031 0.872514 0.072859 0.193750
4 0.247902 0.843681 0.091070 0.151250
0 0.267047 0.945208 0.074812 0.109583
10 0.670664 0.537847 0.084922 0.219306
10 0.781719 0.691042 0.133906 0.321250
2 0.280664 0.753792 0.062891 0.121472
5 0.482531 0.452778 0.046344 0.072722
10 0.445102 0.380625 0.114172 0.114583
10 0.222852 0.500000 0.141641 0.177500
0 0.126156 0.940361 0.060813 0.119278
2 0.404875 0.503938 0.049156 0.071764
2 0.374469 0.447653 0.039250 0.061972
