0 0.774598 0.804576 0.040648 0.110764
0 0.975785 0.840632 0.046461 0.115042
0 0.960441 0.701326 0.038992 0.086875
0 0.201316 0.540486 0.029039 0.060472
0 0.274320 0.477215 0.025719 0.057514
0 0.339449 0.429938 0.019914 0.048819
0 0.280961 0.438715 0.024062 0.048681
0 0.808613 0.472792 0.024055 0.057528
0 0.953801 0.617993 0.037336 0.079792
10 0.273078 0.629868 0.146016 0.247792
7 0.740168 0.704937 0.054758 0.159292
9 0.430711 0.481493 0.061391 0.084069
3 0.257316 0.841375 0.071352 0.125361
3 0.527777 0.879868 0.071352 0.196153
3 0.750125 0.547271 0.054750 0.103236
3 0.840555 0.546389 0.043141 0.092917
3 0.466785 0.435910 0.035648 0.036875
3 0.498324 0.415931 0.029039 0.047056
1 0.655133 0.449854 0.017422 0.052958
1 0.663844 0.422569 0.018250 0.045583
1 0.767133 0.951326 0.025719 0.079792
1 0.887020 0.880604 0.029867 0.103236
