1 0.378457 0.425542 0.019836 0.078167
2 0.221137 0.746076 0.040211 0.095292
2 0.690211 0.786583 0.045563 0.106417
2 0.928770 0.835819 0.058070 0.122306
2 0.787152 0.536403 0.037523 0.069889
2 0.926539 0.658715 0.039313 0.092125
2 0.020551 0.873944 0.041102 0.119139
2 0.639730 0.417278 0.026805 0.054000
2 0.876500 0.557056 0.030375 0.076250
2 0.856398 0.465729 0.029484 0.065125
3 0.317805 0.314146 0.020641 0.039736
5 0.616152 0.324507 0.027461 0.050153
9 0.673352 0.484542 0.068859 0.089972
10 0.671281 0.373917 0.069688 0.095861
