0 0.121297 0.876840 0.043969 0.110625
0 0.249059 0.838493 0.030695 0.095875
0 0.326215 0.945431 0.047289 0.109139
0 0.295938 0.836285 0.034844 0.094403
0 0.325387 0.743361 0.032352 0.088500
0 0.210066 0.649708 0.042305 0.060472
0 0.275191 0.620944 0.028211 0.059000
0 0.827324 0.721979 0.027383 0.101764
0 0.874199 0.601028 0.023227 0.089972
0 0.879590 0.559736 0.019086 0.060472
0 0.303402 0.589972 0.039820 0.050139
1 0.268145 0.697639 0.030695 0.061944
1 0.498367 0.433632 0.026547 0.050153
1 0.790816 0.461653 0.014102 0.041306
2 0.377656 0.544250 0.034016 0.076694
2 0.411668 0.447646 0.020742 0.051625
2 0.921906 0.732306 0.042312 0.092917
2 0.919828 0.645285 0.061391 0.128319
7 0.379730 0.449111 0.036508 0.075222
7 0.371434 0.900444 0.091258 0.166667
3 0.523672 0.874632 0.062219 0.194681
3 0.273949 0.780972 0.060570 0.119472
3 0.203016 0.823007 0.079641 0.123903
3 0.214215 0.724187 0.077164 0.097347
3 0.336172 0.639382 0.062219 0.072264
5 0.453152 0.465340 0.048945 0.069319
10 0.152406 0.617257 0.224000 0.222708
10 0.103043 0.521382 0.156805 0.172569
10 0.207992 0.429201 0.102875 0.129792
10 0.302156 0.411507 0.083797 0.117986
10 0.450250 0.376840 0.092922 0.113569
6 0.324559 0.518431 0.105367 0.166667
