2 0.309996 0.697708 0.035680 0.076694
2 0.160246 0.685840 0.043148 0.076542
2 0.279715 0.535472 0.033180 0.059000
2 0.334887 0.511063 0.034008 0.060319
2 0.379273 0.449778 0.024891 0.050139
2 0.386324 0.359806 0.019086 0.044250
2 0.313312 0.390118 0.017422 0.045875
2 0.955879 0.708701 0.046461 0.096014
2 0.918543 0.581785 0.033180 0.081125
2 0.585023 0.356118 0.023234 0.039819
5 0.636879 0.348083 0.032352 0.056194
0 0.809027 0.576625 0.029867 0.059000
0 0.237820 0.637903 0.035672 0.069167
10 0.346496 0.406340 0.045648 0.137319
10 0.748465 0.838569 0.154320 0.314167
3 0.318707 0.314819 0.019914 0.030972
