3 0.461980 0.468938 0.041508 0.057958
10 0.670820 0.571562 0.105547 0.235208
10 0.859926 0.690653 0.150461 0.316194
10 0.424672 0.402924 0.083781 0.115542
10 0.292734 0.483951 0.127344 0.178486
10 0.624938 0.441583 0.050438 0.166278
10 0.680621 0.372569 0.045945 0.119028
6 0.768527 0.652444 0.080602 0.187056
3 0.742957 0.759021 0.070180 0.131958
3 0.957762 0.723007 0.068383 0.114264
2 0.956305 0.894340 0.065000 0.176542
5 0.524305 0.874493 0.069313 0.183847
5 0.360586 0.599160 0.067734 0.100014
12 0.309770 0.568333 0.055852 0.108889
2 0.278625 0.659243 0.039516 0.096792
10 0.171680 0.714938 0.155859 0.297069
3 0.302992 0.787250 0.055578 0.115222
3 0.481531 0.430139 0.040375 0.039722
12 0.231086 0.860181 0.081734 0.211306
3 0.160586 0.944472 0.075859 0.111056
11 0.506082 0.368090 0.052680 0.073264
1 0.868715 0.938847 0.022398 0.074917
2 0.295559 0.945417 0.056383 0.109167
