2 0.489371 0.448847 0.040320 0.064083
2 0.525703 0.871729 0.072187 0.194292
2 0.750484 0.922618 0.086219 0.152542
11 0.720844 0.761729 0.066937 0.170069
3 0.688426 0.598403 0.057211 0.135694
9 0.820008 0.771014 0.190125 0.391306
2 0.265422 0.920111 0.070719 0.157500
2 0.288102 0.763889 0.060047 0.126389
9 0.209262 0.714215 0.142414 0.300375
12 0.402707 0.938688 0.062211 0.122625
12 0.312937 0.944563 0.050063 0.110875
12 0.402145 0.822076 0.053367 0.124347
12 0.333879 0.892556 0.062211 0.124333
12 0.313508 0.654222 0.039094 0.105667
1 0.342996 0.538118 0.033883 0.075125
9 0.290371 0.483986 0.133633 0.164083
9 0.419230 0.453715 0.091695 0.130208
2 0.483516 0.403813 0.041875 0.055958
2 0.564500 0.469993 0.034750 0.075542
