10 0.099684 0.706562 0.199117 0.292042
10 0.210855 0.430604 0.097898 0.126847
10 0.068984 0.554646 0.129422 0.200597
10 0.820227 0.688868 0.153484 0.327431
6 0.947656 0.723375 0.104688 0.284667
4 0.319953 0.635694 0.043969 0.100444
3 0.523633 0.873083 0.069688 0.179944
3 0.257312 0.887833 0.069687 0.141583
2 0.443570 0.480160 0.027375 0.051625
2 0.429879 0.446090 0.038164 0.081125
2 0.475926 0.423306 0.027383 0.056194
0 0.309996 0.730903 0.029039 0.078167
0 0.318707 0.917326 0.048117 0.085542
0 0.387570 0.905681 0.053094 0.106194
0 0.387984 0.485910 0.019078 0.054569
0 0.370977 0.445431 0.021578 0.053250
0 0.306676 0.494764 0.020742 0.051611
0 0.276395 0.519250 0.031523 0.061944
0 0.289672 0.443285 0.019906 0.051625
0 0.923520 0.757451 0.039820 0.095875
0 0.857148 0.475667 0.026547 0.051778
0 0.822305 0.466146 0.023234 0.085542
1 0.209195 0.530160 0.016594 0.054569
1 0.394621 0.528757 0.024055 0.048819
1 0.781238 0.498597 0.020742 0.047194
10 0.224543 0.681417 0.138555 0.271250
