3 0.526121 0.878979 0.071352 0.185847
3 0.692879 0.725660 0.058070 0.120792
3 0.746809 0.619542 0.063055 0.085556
3 0.847191 0.762465 0.048117 0.129792
3 0.728137 0.543438 0.047289 0.078181
0 0.838066 0.513271 0.021570 0.055903
0 0.332398 0.783993 0.029031 0.095875
0 0.336961 0.882007 0.034844 0.073597
0 0.383008 0.438792 0.017422 0.045861
1 0.304605 0.832597 0.026555 0.087167
1 0.277641 0.837757 0.029031 0.082736
1 0.953387 0.875368 0.044805 0.107514
1 0.867105 0.690333 0.026555 0.091444
2 0.869590 0.531715 0.029867 0.060319
2 0.371805 0.416736 0.033187 0.060472
3 0.232840 0.929868 0.073836 0.125375
3 0.684582 0.448375 0.029867 0.059139
3 0.482563 0.412243 0.040656 0.048819
9 0.794098 0.796389 0.099555 0.238944
10 0.285109 0.682889 0.120297 0.283333
10 0.157359 0.797889 0.178406 0.371722
10 0.283445 0.525736 0.161781 0.193222
10 0.105488 0.528687 0.159289 0.187319
10 0.100094 0.693215 0.196625 0.298069
10 0.211270 0.425438 0.100383 0.128319
10 0.449793 0.376771 0.106195 0.128319
6 0.936379 0.684292 0.125273 0.274333
