3 0.139883 0.940597 0.072406 0.118806
3 0.223422 0.863868 0.070547 0.136986
2 0.876422 0.634486 0.062187 0.120472
1 0.960426 0.922437 0.044555 0.112208
1 0.853219 0.688944 0.036203 0.067667
3 0.526020 0.880347 0.066836 0.199583
3 0.177473 0.774750 0.088180 0.130361
6 0.312066 0.743403 0.106742 0.272278
10 0.791949 0.745875 0.158742 0.379528
10 0.294895 0.518153 0.180070 0.181528
0 0.235023 0.753306 0.034344 0.080861
0 0.263801 0.892736 0.041773 0.105611
0 0.283754 0.934813 0.035273 0.127042
0 0.690316 0.661715 0.031555 0.092403
