6 0.827672 0.795854 0.104500 0.245236
12 0.306059 0.628576 0.074461 0.130903
10 0.720180 0.716187 0.142297 0.334292
5 0.524340 0.879701 0.064914 0.193153
3 0.294172 0.819986 0.055563 0.124944
3 0.114184 0.950486 0.091633 0.099028
3 0.194738 0.945000 0.085523 0.110000
5 0.215859 0.799111 0.073203 0.155944
3 0.152484 0.828042 0.067000 0.108361
3 0.168785 0.721681 0.069602 0.099028
5 0.706531 0.461174 0.035375 0.079319
10 0.879133 0.734340 0.171313 0.357764
10 0.636547 0.506514 0.073625 0.220028
10 0.349613 0.488542 0.130008 0.162083
10 0.125195 0.549549 0.161641 0.190347
10 0.467605 0.361167 0.076508 0.109056
10 0.766879 0.561063 0.093430 0.212042
2 0.277648 0.712187 0.043766 0.093403
2 0.241000 0.676819 0.035281 0.091361
1 0.300664 0.936806 0.027422 0.051667
1 0.341012 0.917083 0.026289 0.042528
1 0.371141 0.954993 0.026312 0.051681
3 0.940375 0.655215 0.075500 0.112347
6 0.759344 0.328299 0.038750 0.080569
