10 0.424906 0.395354 0.101219 0.112097
10 0.322859 0.490340 0.119469 0.169625
10 0.183059 0.606264 0.183352 0.241889
10 0.107148 0.528764 0.154312 0.205167
10 0.206289 0.436583 0.103703 0.141444
6 0.273910 0.672493 0.099555 0.174042
3 0.124988 0.902729 0.065539 0.147486
3 0.186379 0.769250 0.063883 0.104722
3 0.234914 0.887174 0.064719 0.140264
3 0.333230 0.783264 0.072180 0.106194
3 0.527363 0.879056 0.070523 0.182750
3 0.695785 0.517701 0.053930 0.100153
3 0.644348 0.424854 0.030695 0.064903
3 0.217906 0.662979 0.073844 0.087181
3 0.458918 0.461653 0.044805 0.059139
3 0.407480 0.466076 0.028211 0.053236
3 0.324516 0.601771 0.054750 0.070653
5 0.134527 0.746236 0.089602 0.132750
2 0.413703 0.495576 0.025719 0.053236
2 0.368074 0.546389 0.030695 0.072278
2 0.810687 0.452875 0.024891 0.059000
0 0.281789 0.927660 0.039000 0.115042
0 0.328246 0.941813 0.055586 0.095875
0 0.384250 0.840778 0.044797 0.091444
0 0.652641 0.833410 0.032359 0.126847
0 0.699102 0.897417 0.040656 0.148972
0 0.876645 0.571611 0.030695 0.078167
