2 0.161586 0.687264 0.040375 0.078306
2 0.269863 0.572417 0.026430 0.060028
2 0.307301 0.548271 0.027898 0.063958
2 0.392090 0.402757 0.019820 0.052208
2 0.313910 0.388396 0.014680 0.044375
2 0.908891 0.637667 0.041844 0.083528
2 0.977531 0.679431 0.036703 0.083528
2 0.543969 0.294201 0.016594 0.036875
5 0.636891 0.347299 0.034844 0.057514
3 0.319137 0.311160 0.021570 0.035403
3 0.465156 0.421042 0.028203 0.051611
3 0.525719 0.398917 0.028203 0.057528
3 0.815680 0.632694 0.060562 0.079639
3 0.782496 0.809688 0.070523 0.162236
4 0.409566 0.426937 0.028211 0.066375
4 0.663855 0.459389 0.048945 0.072278
10 0.285949 0.781660 0.124445 0.339236
10 0.349008 0.403340 0.043141 0.140125
