1 0.187668 0.878319 0.038992 0.092917
1 0.271043 0.700590 0.021570 0.056042
0 0.149918 0.742625 0.044805 0.092917
0 0.286809 0.931417 0.039820 0.092917
0 0.370605 0.862833 0.038164 0.103250
0 0.324145 0.815632 0.046461 0.115042
0 0.304648 0.744097 0.032359 0.078167
0 0.193059 0.673306 0.029867 0.075222
0 0.245742 0.615042 0.025719 0.064889
0 0.778375 0.905611 0.040656 0.120944
0 0.850141 0.623896 0.024891 0.067847
0 0.782937 0.462389 0.019906 0.051611
0 0.692094 0.458701 0.025719 0.061958
2 0.225414 0.685104 0.043141 0.087014
2 0.377238 0.524340 0.029867 0.054569
2 0.910289 0.637174 0.053922 0.112097
2 0.848891 0.533924 0.034016 0.058986
7 0.388855 0.477139 0.034852 0.081111
3 0.207160 0.770646 0.079648 0.098819
3 0.257355 0.854722 0.057242 0.131278
3 0.523676 0.879799 0.063883 0.187319
5 0.297180 0.635694 0.080469 0.112083
10 0.761781 0.685104 0.155141 0.314153
10 0.153652 0.629056 0.216539 0.237472
10 0.109266 0.528021 0.155969 0.188792
10 0.265652 0.455757 0.103711 0.159292
10 0.429094 0.393806 0.108687 0.118000
6 0.312527 0.525076 0.104539 0.132736
