2 0.320020 0.699681 0.042273 0.064417
2 0.283184 0.723299 0.047102 0.060125
10 0.214340 0.521465 0.194445 0.163181
10 0.446227 0.402313 0.105078 0.148153
8 0.298883 0.637410 0.054344 0.111653
8 0.171469 0.630972 0.101453 0.111639
8 0.295258 0.915861 0.119562 0.168278
3 0.522914 0.869299 0.066422 0.180347
3 0.738496 0.735104 0.066430 0.178208
11 0.364703 0.827431 0.131641 0.203972
7 0.337531 0.537569 0.077297 0.100917
7 0.396707 0.505368 0.071258 0.088042
3 0.225812 0.727590 0.065219 0.111653
3 0.201059 0.698604 0.076086 0.096625
3 0.237891 0.840306 0.057969 0.130972
2 0.718570 0.870368 0.080922 0.156736
