1 0.216902 0.916535 0.054055 0.107486
0 0.386379 0.934444 0.072367 0.078167
4 0.100555 0.704708 0.129172 0.110861
3 0.520762 0.872375 0.074195 0.184861
3 0.738582 0.941889 0.056180 0.116222
0 0.783629 0.807458 0.063602 0.077250
3 0.641066 0.444722 0.041336 0.079139
1 0.892801 0.832903 0.061477 0.090444
1 0.748121 0.718896 0.066773 0.084792
0 0.901816 0.650118 0.034977 0.086681
0 0.961172 0.729257 0.060422 0.075375
2 0.362828 0.587931 0.040281 0.060306
5 0.439145 0.471951 0.059352 0.062375
10 0.481012 0.350417 0.085852 0.113250
