10 0.212930 0.441813 0.102047 0.146014
6 0.279301 0.886361 0.128602 0.215333
10 0.132871 0.718215 0.182523 0.306792
10 0.348160 0.527285 0.131914 0.198958
10 0.445230 0.427729 0.108680 0.138486
10 0.188867 0.573007 0.180031 0.225819
10 0.101758 0.541299 0.151828 0.212542
6 0.809445 0.539750 0.060562 0.179944
3 0.146559 0.918875 0.063883 0.144694
3 0.306266 0.795056 0.051437 0.109139
3 0.369730 0.911500 0.090430 0.123750
3 0.525289 0.881194 0.069688 0.196167
3 0.917715 0.672493 0.053102 0.112097
3 0.479246 0.457153 0.035680 0.070806
5 0.283449 0.627653 0.080477 0.101778
5 0.397937 0.537611 0.052266 0.089833
2 0.263953 0.680021 0.041484 0.082597
0 0.301703 0.665188 0.032359 0.076847
0 0.345672 0.634139 0.043969 0.091444
0 0.242797 0.719097 0.048953 0.075222
0 0.653887 0.851771 0.036508 0.148819
0 0.876230 0.520576 0.028211 0.067847
0 0.766305 0.488194 0.017422 0.056194
