10 0.103000 0.519917 0.152656 0.175667
10 0.207164 0.431410 0.101219 0.128319
10 0.233297 0.502951 0.087109 0.176986
10 0.383047 0.413715 0.155969 0.125375
6 0.291375 0.512542 0.050609 0.148972
6 0.207578 0.637910 0.176719 0.216819
7 0.306719 0.690264 0.051437 0.132750
5 0.280590 0.841444 0.055586 0.154861
5 0.212551 0.794250 0.073852 0.151917
3 0.526160 0.879056 0.062227 0.179944
3 0.373094 0.596604 0.059734 0.066375
3 0.489660 0.440264 0.037336 0.057528
2 0.256941 0.683625 0.044805 0.089972
2 0.723617 0.497056 0.032359 0.061944
2 0.837277 0.536139 0.029039 0.060472
2 0.799113 0.433632 0.030695 0.067847
1 0.203430 0.944687 0.032359 0.081125
1 0.329539 0.826694 0.025719 0.075222
1 0.353180 0.791299 0.026547 0.066375
1 0.415816 0.505167 0.022398 0.060472
1 0.799531 0.529493 0.018250 0.067847
0 0.088941 0.851771 0.063883 0.101764
0 0.325801 0.598083 0.031523 0.084083
0 0.341562 0.493361 0.024891 0.072278
0 0.743113 0.786139 0.038164 0.123889
0 0.766344 0.669618 0.024891 0.067847
0 0.812391 0.659292 0.027375 0.088500
0 0.953844 0.638639 0.034844 0.076694
0 0.880836 0.546458 0.019906 0.060472
