2 0.671125 0.375007 0.026031 0.049181
2 0.625355 0.500403 0.062570 0.081889
1 0.215508 0.898813 0.050859 0.122681
2 0.523504 0.870944 0.072133 0.192556
2 0.752039 0.927486 0.085313 0.145028
11 0.723398 0.771590 0.070891 0.170069
0 0.645449 0.822146 0.032227 0.101264
0 0.680242 0.815250 0.032953 0.109500
3 0.690547 0.601187 0.056578 0.135042
2 0.656504 0.549007 0.045820 0.084403
2 0.733051 0.512813 0.037648 0.092014
3 0.694312 0.520431 0.054812 0.100861
2 0.656809 0.436687 0.031539 0.056986
9 0.818070 0.772528 0.190125 0.398278
0 0.313633 0.782917 0.028672 0.095556
9 0.287547 0.660340 0.192250 0.288181
9 0.346586 0.492250 0.123547 0.146167
9 0.210125 0.578687 0.157719 0.223764
