3 0.527777 0.881194 0.071352 0.190278
3 0.694125 0.505090 0.043969 0.072264
3 0.377199 0.523597 0.058898 0.059139
3 0.051562 0.928389 0.102875 0.122417
1 0.681680 0.427063 0.017422 0.054569
10 0.184309 0.601840 0.190820 0.221236
10 0.207535 0.436583 0.101211 0.129944
0 0.067324 0.773674 0.038164 0.101764
0 0.199242 0.734590 0.041484 0.082597
0 0.291332 0.664451 0.031523 0.086875
0 0.328664 0.584806 0.031531 0.087167
0 0.721918 0.898153 0.038164 0.150444
0 0.952559 0.821535 0.039820 0.097486
0 0.892824 0.661507 0.034852 0.090125
0 0.799074 0.485326 0.019914 0.073736
0 0.826867 0.482375 0.025719 0.067833
0 0.953805 0.648965 0.034016 0.079792
