10 0.381629 0.384444 0.114555 0.107222
10 0.910680 0.809931 0.178641 0.380139
9 0.743750 0.833861 0.084375 0.280500
3 0.524480 0.867840 0.071492 0.195264
10 0.731953 0.586764 0.113438 0.246833
3 0.303078 0.730486 0.055250 0.110861
3 0.236754 0.788715 0.074602 0.117708
3 0.197340 0.930833 0.064852 0.138333
3 0.105184 0.938056 0.104633 0.123889
3 0.101133 0.824833 0.072891 0.114667
3 0.129176 0.721924 0.087742 0.092458
4 0.171168 0.776965 0.071008 0.140597
4 0.243762 0.681924 0.042992 0.111903
3 0.337520 0.870653 0.059555 0.181306
4 0.241566 0.617049 0.077961 0.109264
9 0.104820 0.563306 0.142313 0.211056
3 0.305348 0.524028 0.043680 0.083611
3 0.209121 0.511597 0.038477 0.066528
3 0.338855 0.607861 0.081977 0.136833
4 0.642926 0.576035 0.054758 0.114542
3 0.658398 0.461931 0.032578 0.059972
3 0.629270 0.417174 0.029586 0.068792
