0 0.370148 0.819326 0.051437 0.104569
0 0.416609 0.921014 0.041484 0.107667
0 0.266027 0.773667 0.035680 0.075222
0 0.692465 0.611431 0.029039 0.081111
1 0.112129 0.739014 0.038164 0.059000
1 0.760082 0.767035 0.021570 0.094403
1 0.744316 0.542694 0.019914 0.059000
2 0.246945 0.758042 0.034016 0.109139
2 0.937207 0.841444 0.055586 0.116667
4 0.867102 0.704278 0.068031 0.113417
3 0.197164 0.896090 0.083797 0.143069
3 0.336129 0.874562 0.073008 0.115042
3 0.524461 0.880611 0.066375 0.197639
3 0.765891 0.929944 0.059734 0.131417
3 0.368070 0.598153 0.067203 0.075222
3 0.481320 0.452875 0.036500 0.059000
5 0.318293 0.676924 0.053930 0.129792
5 0.168543 0.818507 0.094586 0.159292
10 0.247359 0.633556 0.164266 0.255167
10 0.385496 0.472792 0.143523 0.137167
10 0.419098 0.406417 0.099555 0.116528
10 0.090559 0.652674 0.175883 0.243542
10 0.103832 0.518437 0.155977 0.175375
10 0.208781 0.435181 0.102047 0.132750
