2 0.478527 0.464056 0.045258 0.056944
0 0.712281 0.890931 0.051438 0.129222
0 0.963078 0.723736 0.045484 0.110389
0 0.210344 0.643611 0.038688 0.076528
0 0.323973 0.752771 0.034492 0.075400
3 0.147449 0.896889 0.093961 0.164833
3 0.214191 0.748882 0.075258 0.114347
3 0.257883 0.829007 0.063141 0.116708
3 0.523621 0.873771 0.067133 0.196375
3 0.409387 0.489451 0.057164 0.060403
3 0.342047 0.558590 0.068891 0.067319
3 0.255035 0.608368 0.068883 0.072319
4 0.192809 0.938389 0.088445 0.123222
1 0.316656 0.805729 0.044281 0.114347
1 0.317312 0.693021 0.036250 0.089514
10 0.070312 0.614451 0.140625 0.237486
10 0.340609 0.457667 0.132844 0.156583
10 0.468859 0.395889 0.080875 0.122639
7 0.274285 0.646146 0.041492 0.104931
4 0.852980 0.866458 0.114789 0.197667
5 0.750406 0.801236 0.049031 0.126556
9 0.687559 0.596625 0.077742 0.128917
10 0.793102 0.610590 0.165563 0.251375
10 0.737770 0.443701 0.094148 0.137542
8 0.648395 0.464146 0.058242 0.125597
0 0.122059 0.755097 0.026102 0.088667
