10 0.139547 0.609146 0.130250 0.233042
10 0.103457 0.535403 0.155977 0.212389
10 0.206332 0.429944 0.099555 0.122417
10 0.484266 0.360618 0.087937 0.095875
6 0.313770 0.544243 0.088773 0.112097
9 0.252797 0.725667 0.068031 0.168139
4 0.320824 0.637910 0.051445 0.101764
7 0.695410 0.513271 0.048945 0.115042
3 0.223754 0.927729 0.073008 0.135681
3 0.526160 0.882007 0.063883 0.194681
3 0.201770 0.714604 0.048945 0.101764
3 0.400883 0.530979 0.050609 0.067847
3 0.449422 0.436583 0.051437 0.061944
3 0.504176 0.433632 0.031523 0.050153
3 0.507496 0.393806 0.038164 0.038361
2 0.466426 0.468292 0.029039 0.048667
2 0.465598 0.444694 0.022398 0.045722
1 0.138719 0.862833 0.027375 0.079639
1 0.182688 0.815632 0.027375 0.082597
1 0.151160 0.783924 0.022398 0.078181
1 0.239934 0.623896 0.022398 0.056042
1 0.366453 0.471972 0.016594 0.047194
1 0.379312 0.443951 0.015766 0.041292
1 0.362723 0.410771 0.014102 0.039819
1 0.393004 0.410764 0.024883 0.042778
1 0.885398 0.633479 0.027375 0.069319
0 0.171906 0.693215 0.034016 0.076708
0 0.224586 0.595132 0.033187 0.063431
0 0.762195 0.576701 0.023234 0.067847
0 0.806582 0.533187 0.025727 0.063431
0 0.737723 0.517701 0.024055 0.070792
0 0.839766 0.522125 0.017422 0.056056
