3 0.385527 0.352389 0.019570 0.043139
2 0.294340 0.528417 0.036008 0.058444
2 0.267332 0.574340 0.027398 0.064014
2 0.160879 0.682181 0.043055 0.073750
2 0.706457 0.443535 0.030523 0.052875
2 0.790996 0.499194 0.022695 0.055667
2 0.828566 0.494326 0.030523 0.068181
2 0.883363 0.556944 0.036789 0.073750
2 0.314687 0.394132 0.017219 0.051486
3 0.318605 0.313424 0.020352 0.037569
3 0.745598 0.514500 0.069664 0.058444
5 0.637969 0.351687 0.032875 0.061236
4 0.592961 0.475542 0.039922 0.086278
4 0.673188 0.463708 0.040703 0.087667
4 0.688457 0.552069 0.054008 0.075139
