2 0.283035 0.666667 0.036508 0.079806
2 0.160246 0.685104 0.038164 0.069458
2 0.273078 0.557521 0.029875 0.055903
2 0.307508 0.545792 0.027375 0.061944
2 0.314559 0.390118 0.019914 0.045875
2 0.388398 0.367993 0.018250 0.039681
2 0.647664 0.430674 0.027375 0.055903
2 0.960441 0.706417 0.053930 0.091444
2 0.918129 0.583410 0.038992 0.081125
5 0.633145 0.344326 0.029867 0.054569
3 0.438180 0.618736 0.041484 0.072417
3 0.319125 0.316299 0.024063 0.033931
4 0.437348 0.379125 0.026555 0.059000
0 0.234500 0.644465 0.039000 0.070792
