1 0.149047 0.937243 0.032359 0.092931
1 0.290086 0.679201 0.025719 0.066514
1 0.841383 0.690264 0.024891 0.076556
1 0.824793 0.494174 0.019914 0.058986
0 0.287598 0.634958 0.037336 0.063278
0 0.332398 0.640931 0.024063 0.075222
0 0.364754 0.578243 0.025727 0.050153
0 0.790363 0.700667 0.029039 0.091444
0 0.806957 0.556785 0.019086 0.063264
0 0.869180 0.519104 0.022406 0.064903
0 0.796168 0.476472 0.022398 0.064889
0 0.982500 0.726326 0.035000 0.092931
0 0.845117 0.474118 0.019078 0.057514
2 0.320781 0.724264 0.035672 0.085556
7 0.916469 0.805236 0.087109 0.179944
3 0.236988 0.822347 0.073836 0.122417
3 0.242383 0.933556 0.066375 0.112083
3 0.525703 0.879125 0.067203 0.197639
3 0.796586 0.915118 0.068031 0.163708
3 0.787871 0.624556 0.063883 0.092917
10 0.103000 0.517625 0.151000 0.177000
10 0.209195 0.539160 0.071344 0.169625
10 0.212098 0.432229 0.100383 0.132736
10 0.324102 0.443882 0.146844 0.147486
6 0.149461 0.699187 0.207406 0.244847
6 0.291332 0.560549 0.056414 0.176986
6 0.440250 0.383486 0.087109 0.097194
