0 0.314070 0.657660 0.038156 0.131903
3 0.521824 0.862014 0.086914 0.182972
3 0.820199 0.922104 0.073133 0.155792
3 0.681344 0.581340 0.056172 0.073486
12 0.652727 0.452257 0.051938 0.086681
10 0.732750 0.523868 0.082672 0.203514
4 0.965941 0.635042 0.059352 0.101750
2 0.317250 0.526597 0.053000 0.062361
1 0.397277 0.530458 0.026492 0.058417
10 0.331031 0.435201 0.114469 0.120792
10 0.434906 0.401285 0.078437 0.132097
10 0.507512 0.324028 0.049820 0.105722
2 0.814898 0.526688 0.024375 0.065958
2 0.852527 0.513500 0.021195 0.065944
0 0.900223 0.559667 0.046633 0.113056
