10 0.745203 0.696799 0.123672 0.267181
3 0.318215 0.316201 0.019570 0.034792
3 0.740117 0.514500 0.071234 0.055667
5 0.635227 0.346812 0.032094 0.051486
2 0.159313 0.684271 0.039922 0.080708
2 0.268504 0.572951 0.028180 0.064014
2 0.292770 0.522153 0.037570 0.057056
2 0.315867 0.387868 0.016437 0.047319
2 0.610180 0.412917 0.024266 0.041750
2 0.713895 0.474840 0.037570 0.062625
2 0.561648 0.349597 0.025828 0.043139
2 0.553820 0.305771 0.019562 0.036181
2 0.895492 0.689139 0.037578 0.076528
2 0.926414 0.652264 0.039922 0.089056
2 0.964375 0.781681 0.042266 0.108556
2 0.873188 0.505458 0.039922 0.059833
