5 0.222387 0.910062 0.081617 0.166014
10 0.187938 0.661333 0.178078 0.297917
12 0.048539 0.900431 0.083703 0.199139
3 0.530828 0.878972 0.058297 0.201806
12 0.704660 0.760257 0.062539 0.175431
3 0.686113 0.570979 0.052992 0.086681
3 0.723215 0.521035 0.067836 0.050875
0 0.305070 0.718910 0.039203 0.111153
0 0.808539 0.501257 0.056172 0.052764
0 0.838746 0.493715 0.036039 0.082903
1 0.304531 0.612431 0.040281 0.079139
0 0.906586 0.557785 0.038156 0.109292
2 0.938914 0.954139 0.071016 0.091722
4 0.965410 0.632215 0.060414 0.111181
3 0.656969 0.414569 0.039219 0.067833
0 0.405227 0.512556 0.033922 0.060306
2 0.339508 0.490889 0.031797 0.084806
0 0.315133 0.502194 0.033922 0.032028
10 0.345340 0.432382 0.124008 0.133986
10 0.460875 0.388097 0.083734 0.113250
