0 0.723992 0.914528 0.040656 0.129806
0 0.216246 0.866514 0.035680 0.110472
0 0.164809 0.830458 0.037336 0.106194
0 0.261879 0.516229 0.019086 0.055903
0 0.832676 0.570729 0.022398 0.067847
0 0.822719 0.492625 0.022406 0.055889
1 0.758836 0.831049 0.029031 0.084069
1 0.285938 0.502139 0.015766 0.051611
2 0.210437 0.678465 0.042312 0.082736
2 0.775844 0.727139 0.059734 0.085694
2 0.846363 0.904868 0.054758 0.131125
2 0.648906 0.451326 0.024891 0.053236
3 0.522805 0.880535 0.068031 0.179792
3 0.416191 0.500667 0.052273 0.063417
3 0.657617 0.525889 0.043969 0.075222
3 0.889090 0.594326 0.047289 0.085542
9 0.363094 0.924118 0.135234 0.143069
10 0.719012 0.441007 0.063883 0.165042
10 0.103000 0.522201 0.154312 0.176986
10 0.208367 0.427729 0.102875 0.123736
