0 0.914809 0.933701 0.053930 0.109153
0 0.955879 0.716743 0.038164 0.094403
0 0.826867 0.525736 0.029031 0.078167
0 0.871668 0.575958 0.027383 0.066222
0 0.303359 0.897563 0.037328 0.116514
0 0.337375 0.837833 0.037328 0.106194
0 0.282621 0.779576 0.030695 0.084069
0 0.322027 0.715340 0.044805 0.073597
0 0.268930 0.511799 0.021578 0.052958
0 0.294234 0.515410 0.029031 0.051625
0 0.361437 0.522937 0.025719 0.054569
0 0.415777 0.476403 0.028211 0.053250
1 0.280129 0.680750 0.020742 0.072278
1 0.713207 0.554569 0.019086 0.053250
1 0.745977 0.497792 0.024891 0.069472
2 0.917301 0.829722 0.053930 0.095861
7 0.787457 0.457306 0.029867 0.088500
3 0.525293 0.873965 0.064711 0.187319
3 0.733117 0.674778 0.058906 0.128167
3 0.692047 0.514750 0.034844 0.073611
3 0.180156 0.933556 0.051437 0.126833
3 0.250262 0.895944 0.063883 0.125361
3 0.245285 0.768361 0.065539 0.109139
3 0.322855 0.654944 0.063055 0.109139
3 0.302945 0.578104 0.069687 0.067847
3 0.379273 0.562021 0.066375 0.064903
3 0.430711 0.454278 0.033187 0.056194
3 0.466387 0.439604 0.029867 0.064903
3 0.497910 0.438056 0.028211 0.053250
10 0.154441 0.747118 0.209070 0.340708
10 0.145313 0.587757 0.136062 0.213708
10 0.104246 0.527944 0.148508 0.197639
10 0.205047 0.427063 0.106188 0.128319
10 0.384250 0.426250 0.116156 0.144694
