10 0.117977 0.665931 0.198281 0.269917
10 0.749754 0.530972 0.114492 0.209444
10 0.321656 0.441743 0.137719 0.143069
10 0.102629 0.519910 0.155977 0.178458
10 0.206336 0.441736 0.101219 0.151917
6 0.857605 0.532444 0.091258 0.182889
7 0.259016 0.920354 0.087109 0.150431
4 0.393004 0.482306 0.034852 0.073750
4 0.496707 0.423299 0.036508 0.067847
4 0.816539 0.877583 0.077156 0.135694
4 0.957992 0.855458 0.081312 0.132750
2 0.376410 0.572271 0.033180 0.079653
2 0.315020 0.538347 0.056414 0.088500
2 0.806582 0.448382 0.027383 0.067847
5 0.452324 0.414458 0.043977 0.059000
3 0.313770 0.682153 0.055586 0.095861
3 0.524918 0.878319 0.069695 0.193222
3 0.748922 0.769910 0.056422 0.123903
3 0.661809 0.489674 0.038164 0.070792
3 0.463937 0.458701 0.042312 0.047208
1 0.243254 0.775813 0.032352 0.082597
1 0.292203 0.610618 0.027375 0.067847
1 0.824004 0.601028 0.019086 0.060472
0 0.243254 0.688049 0.029039 0.084069
0 0.229148 0.553104 0.024062 0.053097
0 0.309211 0.591444 0.023234 0.070806
