11 0.716527 0.584583 0.100648 0.170972
10 0.882070 0.766806 0.179594 0.363833
9 0.745531 0.758639 0.088625 0.193056
9 0.779574 0.945188 0.069586 0.109625
10 0.769523 0.529951 0.109516 0.222875
3 0.522961 0.874507 0.070172 0.189875
3 0.642195 0.535694 0.038828 0.073889
3 0.323863 0.866299 0.094133 0.154431
5 0.220980 0.850931 0.076523 0.163000
4 0.133934 0.918951 0.071508 0.161708
0 0.144266 0.791701 0.028078 0.080986
3 0.280914 0.736236 0.065516 0.094278
3 0.219828 0.728417 0.077313 0.113528
3 0.287984 0.635514 0.069688 0.095250
10 0.079969 0.589903 0.139828 0.210194
0 0.147941 0.692882 0.031680 0.079847
2 0.249016 0.540375 0.032594 0.062028
2 0.362547 0.543389 0.032594 0.062028
2 0.331906 0.643194 0.032594 0.074444
11 0.300195 0.517500 0.038687 0.080972
10 0.397684 0.409222 0.118227 0.135333
