3 0.368852 0.528604 0.048156 0.066097
2 0.507422 0.431493 0.023687 0.051819
3 0.626832 0.423674 0.022883 0.050431
3 0.699324 0.853681 0.049742 0.145639
3 0.869891 0.944479 0.058281 0.111042
11 0.708527 0.668937 0.063414 0.176681
11 0.778676 0.808556 0.071789 0.262917
10 0.816426 0.492160 0.043742 0.144236
4 0.764316 0.452701 0.022805 0.043403
2 0.227578 0.624625 0.033781 0.072222
2 0.858488 0.717639 0.033789 0.081083
2 0.871664 0.628451 0.034625 0.067569
1 0.323902 0.568389 0.047211 0.052556
1 0.741977 0.585660 0.026938 0.063069
1 0.833566 0.748590 0.026195 0.070597
1 0.671406 0.950431 0.027813 0.087194
