3 0.353082 0.499181 0.056586 0.055556
3 0.423949 0.484229 0.036320 0.025681
3 0.463258 0.487236 0.040625 0.025667
3 0.474660 0.462514 0.041305 0.048083
3 0.619086 0.413771 0.022719 0.049486
3 0.646961 0.469292 0.038094 0.055556
3 0.657937 0.621618 0.039609 0.084236
3 0.700973 0.853604 0.043070 0.145486
1 0.677105 0.951736 0.034273 0.082694
1 0.667230 0.871285 0.034273 0.082708
1 0.620715 0.557910 0.034273 0.082708
1 0.640301 0.562264 0.034273 0.082694
0 0.275207 0.539917 0.034273 0.082694
0 0.118582 0.611049 0.034273 0.082708
2 0.311793 0.472847 0.034273 0.082694
2 0.638762 0.525687 0.034273 0.082708
3 0.863383 0.638389 0.042297 0.087389
4 0.676934 0.440493 0.026898 0.065931
4 0.844902 0.847042 0.051633 0.118917
4 0.873262 0.918139 0.058898 0.152528
11 0.779520 0.807132 0.070102 0.262764
11 0.716176 0.683187 0.073477 0.195347
