1 0.813219 0.814160 0.025719 0.088486
0 0.229148 0.843660 0.043969 0.103236
0 0.181445 0.826701 0.033188 0.066375
0 0.463523 0.435104 0.021578 0.047208
3 0.668863 0.433625 0.037336 0.073750
5 0.148672 0.789083 0.083797 0.150444
2 0.196793 0.930681 0.052273 0.123889
2 0.237031 0.767694 0.041484 0.104722
2 0.369773 0.593660 0.039828 0.069319
2 0.487586 0.435104 0.024891 0.047208
2 0.512891 0.396757 0.025719 0.056042
2 0.797457 0.471243 0.035680 0.081125
2 0.923977 0.652660 0.063047 0.131264
1 0.262336 0.924042 0.027375 0.089972
1 0.865070 0.851771 0.033188 0.089958
10 0.101797 0.516222 0.152656 0.179944
10 0.209238 0.422569 0.105367 0.119472
10 0.211313 0.593653 0.170906 0.225667
10 0.393832 0.428465 0.099555 0.140125
6 0.279344 0.620208 0.144359 0.202056
3 0.524918 0.882743 0.069695 0.190264
3 0.328707 0.882743 0.088773 0.137181
3 0.289297 0.764750 0.048125 0.134222
