0 0.957121 0.818514 0.043977 0.118000
0 0.327418 0.895354 0.045633 0.112097
0 0.047828 0.870132 0.043969 0.115042
0 0.334887 0.457896 0.020742 0.051625
0 0.757176 0.462313 0.020742 0.054569
0 0.845535 0.527215 0.023227 0.054569
1 0.134941 0.904799 0.035680 0.081125
1 0.706980 0.482222 0.019914 0.047194
1 0.792437 0.460181 0.019906 0.052944
1 0.891996 0.557521 0.023227 0.070653
2 0.679188 0.461653 0.024062 0.050000
2 0.841801 0.574556 0.027383 0.057528
3 0.283437 0.743396 0.063906 0.118208
3 0.523633 0.879056 0.066375 0.188639
3 0.700762 0.662903 0.055586 0.107667
9 0.772523 0.867326 0.096234 0.247792
9 0.645176 0.488271 0.048945 0.082597
10 0.106734 0.518361 0.153484 0.166667
10 0.208363 0.439528 0.099555 0.141444
10 0.809855 0.653465 0.165930 0.294986
