1 0.713125 0.941042 0.056094 0.117917
12 0.751383 0.906285 0.039734 0.127847
0 0.673301 0.832583 0.027992 0.104611
2 0.525180 0.872681 0.071328 0.199444
2 0.682672 0.627597 0.052781 0.102139
9 0.816781 0.775153 0.190125 0.400111
3 0.346113 0.828903 0.101367 0.169472
11 0.459527 0.441424 0.053102 0.073264
11 0.657691 0.458153 0.034930 0.087972
2 0.269660 0.907076 0.060992 0.153042
2 0.282977 0.706111 0.057203 0.131944
2 0.359848 0.536903 0.065273 0.071028
2 0.421965 0.496688 0.054352 0.058375
2 0.495305 0.456931 0.040172 0.054972
2 0.343887 0.616632 0.058164 0.087153
9 0.204195 0.659646 0.210359 0.213458
9 0.157078 0.832104 0.173031 0.335042
9 0.322965 0.489431 0.108914 0.134972
9 0.441223 0.385854 0.092242 0.128931
0 0.259805 0.781799 0.023359 0.095819
