4 0.601180 0.433792 0.032875 0.052889
2 0.928762 0.750368 0.046180 0.112708
2 0.832480 0.529118 0.035227 0.065403
2 0.727594 0.574340 0.033656 0.066792
2 0.706848 0.442833 0.029742 0.057056
2 0.315473 0.387174 0.017227 0.048708
2 0.296684 0.528417 0.037570 0.058444
2 0.268508 0.568771 0.029750 0.061236
2 0.161664 0.688444 0.041484 0.072361
5 0.638750 0.350993 0.037578 0.051486
3 0.742465 0.513806 0.071227 0.059833
3 0.318605 0.312722 0.021914 0.033389
3 0.380832 0.465792 0.027398 0.055667
4 0.527988 0.336382 0.028961 0.061236
4 0.630527 0.411528 0.036789 0.072361
10 0.678297 0.624444 0.129188 0.281111
