10 0.552680 0.378708 0.060703 0.120611
10 0.382711 0.360299 0.043562 0.114264
4 0.493406 0.300625 0.022141 0.035556
5 0.636234 0.351410 0.033563 0.055875
3 0.785141 0.887826 0.077125 0.097764
3 0.667305 0.680882 0.062844 0.105375
3 0.319148 0.313319 0.023562 0.035556
2 0.880840 0.555819 0.047133 0.063472
2 0.893691 0.684688 0.038570 0.085069
2 0.931898 0.701826 0.043562 0.091403
2 0.714082 0.444097 0.030711 0.055861
2 0.299508 0.492333 0.025703 0.055861
2 0.316648 0.388229 0.021422 0.053319
2 0.299508 0.573597 0.035703 0.066028
2 0.267730 0.569785 0.027852 0.060931
2 0.245230 0.764035 0.045711 0.093958
2 0.158461 0.686590 0.040703 0.071097
