3 0.397035 0.930069 0.089883 0.132306
3 0.104957 0.936681 0.074930 0.126639
3 0.131445 0.823069 0.079453 0.112250
3 0.311289 0.834528 0.076641 0.132306
3 0.293867 0.714556 0.066172 0.106889
3 0.523750 0.873056 0.072969 0.195556
3 0.325336 0.551882 0.058078 0.087931
3 0.686051 0.731444 0.055086 0.131278
5 0.235637 0.793813 0.067867 0.141181
2 0.271867 0.951667 0.064172 0.096667
2 0.337262 0.636083 0.040477 0.081333
10 0.161801 0.655833 0.168258 0.214750
10 0.416207 0.399653 0.113367 0.132639
10 0.906441 0.807542 0.184711 0.384889
3 0.766621 0.861646 0.088914 0.236708
11 0.752633 0.663674 0.118391 0.222042
10 0.803418 0.561854 0.135508 0.225931
4 0.645484 0.542528 0.042422 0.078833
