0 0.304605 0.747792 0.039820 0.097194
0 0.227449 0.721313 0.031523 0.097347
0 0.183059 0.580306 0.030695 0.078167
0 0.335715 0.547861 0.022398 0.075222
0 0.714863 0.816375 0.040648 0.087167
0 0.853414 0.911431 0.035672 0.115056
0 0.863371 0.642993 0.029039 0.103236
0 0.775012 0.496313 0.021570 0.063264
0 0.354387 0.929868 0.046461 0.119458
0 0.288012 0.913715 0.048117 0.134375
0 0.324516 0.458035 0.023234 0.054569
0 0.249848 0.474264 0.021570 0.051611
0 0.868348 0.578174 0.022398 0.059153
0 0.891996 0.562611 0.019914 0.063417
0 0.295480 0.421903 0.021570 0.044250
2 0.833918 0.533187 0.029867 0.063264
2 0.793680 0.462313 0.027375 0.054569
1 0.797828 0.942479 0.035672 0.100153
1 0.705324 0.463125 0.021570 0.056194
3 0.527777 0.882000 0.064711 0.191889
3 0.290500 0.631340 0.074672 0.094403
3 0.440250 0.455014 0.040656 0.051778
10 0.210441 0.432889 0.100383 0.128167
