10 0.166469 0.613569 0.188328 0.235833
10 0.096363 0.527215 0.146023 0.190264
10 0.212926 0.432076 0.098727 0.129792
7 0.302117 0.654056 0.043141 0.104722
2 0.884109 0.594396 0.034016 0.070653
10 0.414117 0.397493 0.086281 0.113708
3 0.251094 0.759590 0.065547 0.109292
3 0.207539 0.938722 0.068031 0.107667
3 0.526121 0.880458 0.064711 0.182889
3 0.821477 0.862167 0.077984 0.163722
3 0.322855 0.561951 0.066367 0.073597
0 0.303359 0.935174 0.040656 0.112097
0 0.947578 0.763944 0.034844 0.106194
0 0.362266 0.477139 0.040656 0.048833
0 0.292160 0.495576 0.021570 0.055903
0 0.320781 0.436576 0.019078 0.052958
1 0.253582 0.855458 0.035680 0.076833
1 0.248602 0.652653 0.025719 0.072417
1 0.811934 0.577431 0.019086 0.063278
