4 0.372500 0.912014 0.097031 0.164028
3 0.522758 0.872153 0.072859 0.193750
11 0.773078 0.849389 0.109437 0.295722
10 0.901016 0.801222 0.197969 0.397556
10 0.665742 0.520278 0.080547 0.213333
4 0.270586 0.908958 0.096172 0.171528
3 0.214648 0.792222 0.057266 0.138889
0 0.335949 0.716556 0.051133 0.129639
0 0.177953 0.919778 0.038094 0.105167
1 0.159867 0.737292 0.031516 0.090694
3 0.116902 0.856250 0.074789 0.128333
4 0.071789 0.753299 0.093297 0.134653
3 0.279230 0.778312 0.062898 0.128347
3 0.217059 0.701708 0.073227 0.105083
3 0.290477 0.668889 0.062953 0.096389
3 0.354172 0.603097 0.067906 0.091750
3 0.314699 0.585056 0.070758 0.075667
3 0.393832 0.526264 0.053586 0.071139
3 0.418938 0.466021 0.054469 0.062875
3 0.363250 0.472132 0.053531 0.066208
4 0.317000 0.515563 0.045406 0.085847
5 0.477848 0.456368 0.049773 0.069653
10 0.439883 0.389153 0.108047 0.123861
10 0.200934 0.525174 0.163648 0.213792
10 0.751305 0.595139 0.091516 0.247778
