12 0.347219 0.512438 0.081391 0.094319
12 0.714539 0.669236 0.051391 0.139583
12 0.727051 0.922326 0.065430 0.155347
5 0.525633 0.881153 0.075781 0.186806
5 0.284004 0.826063 0.062305 0.137042
10 0.134340 0.843076 0.190773 0.313847
10 0.664570 0.536000 0.081797 0.209667
10 0.831219 0.780319 0.189281 0.392694
10 0.947004 0.818069 0.105992 0.258500
10 0.780023 0.493354 0.133859 0.183014
5 0.751527 0.546611 0.048039 0.092889
3 0.321973 0.661701 0.069883 0.089819
10 0.392211 0.393778 0.116766 0.112722
10 0.195773 0.653681 0.162797 0.186528
10 0.684805 0.387139 0.059297 0.142111
