5 0.635621 0.352382 0.029742 0.051486
4 0.544430 0.348208 0.025828 0.045917
10 0.594918 0.459535 0.084539 0.179514
9 0.670844 0.846389 0.103328 0.201778
2 0.686105 0.498493 0.025836 0.062625
2 0.701758 0.434486 0.024266 0.048694
2 0.817219 0.491535 0.034437 0.051486
2 0.880621 0.556250 0.039133 0.061222
2 0.886102 0.660611 0.040703 0.089056
2 0.943242 0.723931 0.039141 0.096028
2 0.315473 0.383694 0.018789 0.041750
2 0.295516 0.528417 0.032094 0.064000
2 0.269289 0.569472 0.032875 0.057056
2 0.160879 0.687750 0.046180 0.076528
3 0.317820 0.627910 0.065750 0.068181
3 0.317824 0.313424 0.020352 0.034792
3 0.742070 0.519368 0.072016 0.062625
3 0.426234 0.411521 0.024266 0.052875
