3 0.657559 0.590847 0.032102 0.076417
3 0.566723 0.466292 0.024570 0.073583
11 0.704012 0.638215 0.060805 0.180181
11 0.771113 0.707958 0.063258 0.205556
11 0.730191 0.475903 0.052367 0.108111
4 0.322215 0.487243 0.042148 0.079431
0 0.192988 0.741069 0.028805 0.061556
0 0.231801 0.765014 0.035477 0.067417
0 0.298102 0.757507 0.031250 0.079431
0 0.309586 0.699028 0.021953 0.055556
0 0.275805 0.704208 0.033781 0.062917
0 0.228422 0.704201 0.030406 0.054208
0 0.424832 0.947444 0.043164 0.075222
0 0.465414 0.909986 0.034625 0.063056
0 0.925297 0.770292 0.030406 0.089972
0 0.362754 0.483556 0.016805 0.057056
0 0.854266 0.541965 0.021953 0.051042
10 0.829348 0.876201 0.086992 0.229736
7 0.332348 0.854354 0.065789 0.137986
1 0.650758 0.805632 0.021875 0.079569
2 0.471703 0.456458 0.023734 0.047889
3 0.486840 0.431611 0.028664 0.058556
4 0.320945 0.618618 0.039609 0.084236
