10 0.150707 0.633403 0.189992 0.258111
10 0.302531 0.511729 0.125281 0.174042
10 0.396695 0.407153 0.106188 0.129806
10 0.104246 0.525736 0.150164 0.187306
10 0.207949 0.433701 0.098727 0.129792
6 0.248188 0.786799 0.074672 0.213875
5 0.122496 0.764819 0.092086 0.137167
5 0.487953 0.436507 0.043141 0.070792
5 0.463898 0.419611 0.034844 0.066222
3 0.124988 0.927653 0.063883 0.132750
3 0.178082 0.792694 0.063883 0.122417
3 0.208367 0.685104 0.077984 0.107514
3 0.333641 0.578986 0.053094 0.072278
3 0.316637 0.685764 0.057242 0.091444
3 0.373879 0.850222 0.080477 0.116528
3 0.527363 0.873160 0.065539 0.188931
3 0.758008 0.918139 0.067203 0.160917
2 0.267270 0.601771 0.031523 0.070653
2 0.297141 0.738201 0.034844 0.066514
2 0.303359 0.809736 0.043969 0.100444
2 0.933891 0.725736 0.060563 0.132750
1 0.122910 0.831049 0.031523 0.057514
1 0.766305 0.744097 0.024062 0.083917
1 0.756762 0.586278 0.024883 0.066222
0 0.310414 0.938792 0.033188 0.089833
0 0.413289 0.929944 0.039828 0.116667
0 0.654297 0.836285 0.034016 0.126986
0 0.694953 0.813424 0.030703 0.110764
0 0.814008 0.912979 0.036500 0.097486
0 0.845949 0.532521 0.024055 0.073736
0 0.384664 0.505903 0.025719 0.053250
