3 0.523367 0.873972 0.072859 0.193750
3 0.248109 0.793750 0.096750 0.116111
2 0.304672 0.706014 0.042578 0.101250
9 0.195930 0.718292 0.120141 0.141306
2 0.097305 0.785347 0.059141 0.118194
4 0.201223 0.620764 0.054617 0.079583
9 0.783816 0.597583 0.158586 0.245000
3 0.188996 0.918993 0.089711 0.143403
3 0.328711 0.636667 0.076172 0.089444
3 0.383500 0.563368 0.058094 0.068681
2 0.317215 0.544694 0.075883 0.081444
3 0.358070 0.486854 0.051672 0.052875
3 0.437957 0.466729 0.049867 0.050681
3 0.497176 0.429868 0.040758 0.054153
1 0.698164 0.816458 0.042578 0.115417
1 0.707617 0.721431 0.040703 0.101250
1 0.665078 0.510549 0.028125 0.072792
10 0.884883 0.834097 0.230234 0.331806
0 0.251547 0.590306 0.037469 0.085333
10 0.126891 0.540694 0.159094 0.193333
10 0.304152 0.427639 0.107633 0.137222
