0 0.944262 0.694021 0.034852 0.084069
0 0.316219 0.922569 0.041484 0.113417
0 0.274320 0.907743 0.034016 0.128319
0 0.292160 0.822931 0.029867 0.073750
0 0.307094 0.785396 0.033188 0.083931
0 0.364340 0.799486 0.041477 0.091444
0 0.267273 0.691667 0.026547 0.070806
0 0.670066 0.850292 0.055586 0.113722
0 0.806125 0.597424 0.024062 0.082597
0 0.857148 0.491813 0.018250 0.057514
1 0.069816 0.773597 0.019914 0.069472
1 0.145727 0.780236 0.025719 0.062083
1 0.334059 0.801625 0.020742 0.069167
1 0.663840 0.562021 0.019914 0.058986
2 0.285109 0.576035 0.035672 0.072264
2 0.444816 0.437389 0.021570 0.054583
2 0.835578 0.511806 0.036500 0.056194
3 0.134527 0.881340 0.063055 0.140125
3 0.246113 0.818660 0.057242 0.115042
3 0.206289 0.744097 0.077156 0.113722
3 0.525703 0.880528 0.067203 0.194833
3 0.850926 0.841521 0.090430 0.190264
3 0.723992 0.599556 0.052266 0.090111
3 0.249020 0.651104 0.087945 0.084069
3 0.409969 0.463937 0.033188 0.054569
3 0.476754 0.429201 0.030695 0.052958
3 0.631070 0.417410 0.029031 0.055903
5 0.152781 0.725000 0.092922 0.125361
10 0.190117 0.593736 0.187500 0.225667
10 0.325758 0.482299 0.128594 0.174181
10 0.105906 0.523597 0.155141 0.194833
10 0.206707 0.433625 0.104539 0.141444
10 0.703246 0.418951 0.063883 0.153403
6 0.776672 0.424701 0.058078 0.115042
6 0.368074 0.569986 0.088773 0.134222
