2 0.751602 0.927063 0.086062 0.145875
11 0.724270 0.772694 0.070898 0.175444
12 0.658359 0.762750 0.036031 0.113361
3 0.692465 0.599431 0.056898 0.138250
9 0.818949 0.770507 0.190117 0.391319
2 0.254754 0.914743 0.081695 0.168097
2 0.322035 0.662389 0.061086 0.083944
12 0.334906 0.914937 0.036031 0.113347
12 0.370422 0.872597 0.036031 0.113361
12 0.276199 0.779062 0.040258 0.113347
2 0.524152 0.873639 0.072648 0.192556
3 0.485707 0.437486 0.051242 0.076917
2 0.432914 0.478069 0.051609 0.054750
9 0.240293 0.654854 0.140352 0.266653
12 0.338082 0.583813 0.030242 0.087903
9 0.312184 0.490375 0.163133 0.160194
