2 0.522898 0.870861 0.072641 0.192556
2 0.751922 0.926319 0.086000 0.147361
11 0.724227 0.770604 0.070141 0.170069
3 0.690453 0.596042 0.056875 0.135694
2 0.278473 0.819861 0.059336 0.125806
2 0.308168 0.684306 0.058977 0.095000
2 0.564363 0.470604 0.040180 0.082319
2 0.493266 0.445049 0.041594 0.071486
2 0.319059 0.583743 0.070711 0.088597
9 0.214406 0.698431 0.141812 0.292417
12 0.308301 0.936417 0.048555 0.124389
12 0.388941 0.876125 0.040555 0.101639
9 0.818750 0.769819 0.190125 0.391306
9 0.099414 0.734722 0.198828 0.299444
