0 0.758879 0.581125 0.029867 0.073750
0 0.867145 0.589965 0.027383 0.067847
0 0.830660 0.558264 0.022430 0.063417
0 0.820270 0.520646 0.023227 0.064903
0 0.636918 0.542035 0.023227 0.069319
0 0.159457 0.742625 0.029039 0.078167
0 0.259016 0.685840 0.032359 0.073736
0 0.228734 0.580382 0.031531 0.072264
1 0.127930 0.943215 0.035672 0.095875
1 0.361477 0.827431 0.031531 0.076694
1 0.788746 0.908556 0.029867 0.091444
1 0.250719 0.743368 0.020734 0.067847
1 0.183934 0.591451 0.023227 0.053097
1 0.250719 0.605458 0.020734 0.051611
1 0.284734 0.554576 0.025719 0.050153
2 0.281418 0.869465 0.047289 0.110625
2 0.280172 0.630535 0.041484 0.069319
2 0.276023 0.514750 0.026547 0.064889
2 0.920242 0.649708 0.053922 0.122417
7 0.201770 0.727139 0.048945 0.106194
3 0.524918 0.884215 0.058070 0.193208
3 0.216289 0.877583 0.053094 0.138639
3 0.299668 0.793514 0.053930 0.118000
3 0.314602 0.677729 0.048953 0.084069
3 0.931445 0.855458 0.109516 0.185833
5 0.509152 0.435847 0.044805 0.060472
10 0.064465 0.794250 0.122789 0.358417
10 0.105531 0.525069 0.160125 0.194694
10 0.206332 0.429208 0.099555 0.150444
10 0.360645 0.458701 0.122789 0.153403
6 0.457715 0.429208 0.082961 0.106194
