11 0.314730 0.647632 0.093883 0.182958
2 0.163969 0.690160 0.052359 0.081847
4 0.391465 0.366771 0.023477 0.054569
3 0.319695 0.309799 0.020766 0.027292
3 0.741285 0.506396 0.073117 0.060986
3 0.455562 0.482326 0.025281 0.054569
5 0.636113 0.349118 0.030695 0.054569
2 0.818922 0.510410 0.037016 0.069014
2 0.873992 0.520042 0.027984 0.069000
2 0.910551 0.694174 0.046945 0.086653
2 0.812602 0.642813 0.040625 0.073819
2 0.316539 0.387639 0.019859 0.044944
2 0.294867 0.527264 0.036109 0.057778
2 0.267789 0.569792 0.028891 0.059389
