10 0.133348 0.747062 0.185492 0.360097
3 0.526059 0.882736 0.055117 0.205583
3 0.758195 0.837514 0.059375 0.182972
1 0.297641 0.926181 0.066781 0.126250
0 0.362828 0.940306 0.038156 0.101750
12 0.684523 0.587938 0.045578 0.131903
3 0.656434 0.489854 0.027555 0.071792
3 0.647957 0.383479 0.023320 0.054653
2 0.339508 0.509729 0.033922 0.077264
2 0.853586 0.669903 0.040281 0.126250
2 0.891215 0.652007 0.043461 0.120597
7 0.964352 0.633160 0.045578 0.124375
0 0.898633 0.552132 0.037094 0.097986
0 0.393570 0.563438 0.031797 0.041458
