10 0.124984 0.621611 0.180031 0.255167
10 0.102586 0.542847 0.158469 0.218278
10 0.208367 0.440931 0.104531 0.141583
0 0.841383 0.510264 0.024891 0.061972
0 0.315391 0.501472 0.023234 0.056194
0 0.288426 0.480160 0.020742 0.051625
1 0.171031 0.929278 0.031531 0.085556
1 0.221227 0.599632 0.019078 0.051625
1 0.807371 0.519250 0.014930 0.047194
2 0.336547 0.896757 0.053922 0.121097
2 0.362680 0.464528 0.028203 0.079639
3 0.235742 0.910097 0.076328 0.135694
3 0.272664 0.730083 0.077156 0.100444
3 0.523633 0.875444 0.066375 0.181417
3 0.834750 0.879132 0.084625 0.156347
4 0.827281 0.624701 0.041484 0.095875
