3 0.432559 0.478431 0.042117 0.037694
3 0.475133 0.479799 0.045500 0.038264
3 0.382453 0.577889 0.054406 0.054111
3 0.505246 0.413125 0.028305 0.054639
3 0.483434 0.445639 0.031352 0.042083
3 0.636813 0.453694 0.039875 0.060417
3 0.627852 0.516729 0.033188 0.062792
3 0.663441 0.504118 0.041211 0.047097
3 0.660250 0.616882 0.034375 0.087292
3 0.699609 0.856049 0.047141 0.160597
3 0.732918 0.943340 0.055977 0.108236
1 0.597262 0.496437 0.014336 0.044153
1 0.624355 0.568875 0.014336 0.044139
1 0.639043 0.566382 0.014336 0.044153
1 0.650934 0.567000 0.014336 0.044139
2 0.658285 0.547410 0.027977 0.056569
2 0.254039 0.552396 0.033547 0.067153
3 0.321699 0.470639 0.049305 0.063417
3 0.358246 0.479965 0.033570 0.048486
1 0.671859 0.949681 0.026125 0.090639
11 0.778254 0.810132 0.067570 0.271764
11 0.709836 0.680181 0.062500 0.195333
4 0.838684 0.845271 0.049914 0.114125
4 0.872156 0.921208 0.057125 0.157583
