3 0.398770 0.539896 0.048945 0.067847
10 0.385496 0.418882 0.107023 0.124042
2 0.295480 0.626028 0.036508 0.075222
3 0.310828 0.903319 0.067203 0.134222
3 0.191770 0.869465 0.081305 0.155014
4 0.825207 0.592111 0.057242 0.095861
2 0.306262 0.496313 0.031523 0.066514
2 0.849266 0.483118 0.040656 0.084069
6 0.791191 0.432819 0.057242 0.122417
0 0.252336 0.572201 0.023234 0.067847
0 0.235328 0.505903 0.024063 0.050000
0 0.276398 0.474118 0.023234 0.057514
0 0.929742 0.744097 0.045625 0.110472
0 0.874984 0.685771 0.032359 0.085542
0 0.765059 0.517701 0.018258 0.073597
0 0.901949 0.532444 0.023227 0.056194
1 0.196750 0.671021 0.024891 0.070792
1 0.223301 0.612903 0.019914 0.057528
1 0.327836 0.667333 0.019906 0.063417
1 0.316637 0.572937 0.022398 0.063431
1 0.767965 0.638722 0.022398 0.061944
1 0.780406 0.590708 0.019078 0.063278
3 0.527367 0.877583 0.058906 0.185694
3 0.258559 0.735319 0.072180 0.104722
