10 0.721332 0.698958 0.115945 0.325694
4 0.288562 0.601681 0.057031 0.132250
3 0.520820 0.870354 0.074297 0.189875
3 0.331641 0.869861 0.071719 0.143611
3 0.243359 0.919000 0.079219 0.160889
3 0.157777 0.937014 0.079445 0.125972
3 0.231758 0.799375 0.068359 0.122361
3 0.305977 0.731021 0.063047 0.119819
3 0.128516 0.809576 0.071734 0.119153
3 0.200598 0.729993 0.062555 0.104708
3 0.261039 0.707174 0.065266 0.100458
3 0.212898 0.641903 0.056703 0.096583
3 0.345176 0.632882 0.053398 0.097431
3 0.262961 0.595028 0.056266 0.099222
3 0.311785 0.545201 0.067836 0.085403
3 0.401477 0.504382 0.062516 0.077653
10 0.820266 0.648514 0.164469 0.291750
10 0.109711 0.562819 0.139328 0.217028
10 0.309754 0.477507 0.140805 0.175847
11 0.643680 0.445000 0.045875 0.136667
