10 0.666027 0.336951 0.039820 0.107486
10 0.447691 0.411701 0.099930 0.128819
10 0.666270 0.577007 0.107773 0.252375
10 0.775852 0.570042 0.095484 0.206583
10 0.900828 0.742590 0.198344 0.333986
10 0.766352 0.835583 0.153391 0.328833
3 0.287633 0.838576 0.070250 0.120625
3 0.333113 0.651208 0.060914 0.083694
3 0.246156 0.776729 0.070250 0.130153
3 0.143441 0.859410 0.080320 0.124236
3 0.219563 0.715486 0.070250 0.084028
5 0.293129 0.610812 0.058977 0.117181
10 0.136836 0.674674 0.194141 0.278986
2 0.160547 0.744111 0.042813 0.099833
5 0.523684 0.880799 0.070586 0.187181
10 0.617789 0.356972 0.036297 0.119111
2 0.304527 0.486375 0.030945 0.059194
