2 0.875402 0.943215 0.053102 0.110764
1 0.315805 0.785396 0.027375 0.069181
1 0.407480 0.496389 0.019914 0.048667
1 0.644758 0.481493 0.016594 0.051625
9 0.297137 0.683625 0.066367 0.157667
9 0.887016 0.625299 0.082969 0.156347
3 0.346500 0.581931 0.058906 0.072278
3 0.469703 0.480014 0.039828 0.054583
3 0.527367 0.885028 0.068859 0.194694
0 0.906516 0.848076 0.042313 0.124042
0 0.849266 0.539750 0.024062 0.064889
0 0.812348 0.527285 0.026555 0.069181
0 0.782066 0.480014 0.022398 0.054583
0 0.212098 0.750667 0.030695 0.094389
0 0.078523 0.691076 0.042312 0.072264
0 0.195090 0.564972 0.023227 0.064889
0 0.271004 0.465340 0.020742 0.063264
0 0.373465 0.435910 0.021570 0.051625
3 0.797000 0.829569 0.068859 0.148972
