3 0.261848 0.700007 0.065258 0.091931
3 0.312980 0.714007 0.045836 0.095042
2 0.292527 0.767146 0.039977 0.104458
11 0.251719 0.887431 0.101094 0.225139
3 0.464762 0.476028 0.044070 0.054333
3 0.677020 0.632229 0.045492 0.088875
3 0.413555 0.443382 0.035859 0.045736
3 0.503977 0.420778 0.032359 0.039556
3 0.477859 0.407097 0.030094 0.054333
5 0.525563 0.883444 0.064766 0.197361
0 0.385355 0.970826 0.057586 0.058347
3 0.525242 0.383319 0.027484 0.039750
10 0.637617 0.497986 0.077266 0.199861
7 0.729578 0.629049 0.051812 0.094486
10 0.858129 0.771347 0.223898 0.373139
10 0.810664 0.579049 0.134766 0.231903
10 0.325168 0.553153 0.126383 0.197028
10 0.119441 0.658056 0.143727 0.197028
10 0.788512 0.855319 0.171242 0.289361
