5 0.281258 0.872236 0.068438 0.171639
10 0.671781 0.590965 0.110187 0.263236
5 0.336379 0.624875 0.063648 0.090250
5 0.361875 0.502743 0.062812 0.068681
10 0.478090 0.379521 0.088195 0.107347
10 0.619539 0.374125 0.039359 0.130361
10 0.674609 0.355354 0.050156 0.111236
10 0.780625 0.587201 0.095469 0.221708
10 0.240742 0.549569 0.161172 0.192528
10 0.771195 0.835104 0.169328 0.329792
3 0.302266 0.742389 0.056406 0.112444
3 0.192082 0.922764 0.085883 0.148361
3 0.127641 0.895049 0.088719 0.144347
3 0.192383 0.752646 0.070250 0.120625
3 0.371648 0.556312 0.050609 0.065153
3 0.302234 0.591222 0.066812 0.065056
2 0.210875 0.663229 0.047844 0.075208
2 0.157691 0.712556 0.047820 0.099833
10 0.903277 0.758007 0.193445 0.334819
3 0.402285 0.462264 0.047617 0.041028
12 0.466172 0.454000 0.054531 0.082556
1 0.032172 0.917069 0.034984 0.066806
0 0.041457 0.733167 0.061336 0.086000
6 0.780406 0.384271 0.044500 0.103125
5 0.525773 0.881437 0.068437 0.190042
