2 0.524672 0.871576 0.072641 0.192569
2 0.749762 0.925174 0.087508 0.149653
11 0.724320 0.770729 0.070891 0.177986
3 0.690234 0.597681 0.058750 0.138250
9 0.818852 0.769687 0.190125 0.391319
2 0.285566 0.772389 0.057305 0.114222
2 0.343781 0.624264 0.067594 0.085472
2 0.353262 0.550208 0.069883 0.063472
9 0.220383 0.693049 0.141813 0.284431
12 0.389605 0.845965 0.040555 0.101625
12 0.307426 0.935514 0.043117 0.128972
12 0.358812 0.899576 0.042688 0.109181
12 0.310059 0.853424 0.051602 0.123153
9 0.140570 0.659979 0.178391 0.269125
3 0.643230 0.417465 0.038539 0.086597
2 0.563625 0.469451 0.035719 0.071653
