0 0.332398 0.750736 0.034016 0.076556
1 0.374293 0.528021 0.019914 0.062097
1 0.664254 0.478687 0.014102 0.054569
1 0.758008 0.453535 0.017422 0.048819
0 0.165637 0.834882 0.037336 0.109153
0 0.360191 0.884882 0.038164 0.109153
0 0.290504 0.906417 0.038164 0.092917
0 0.845949 0.741965 0.032352 0.112097
0 0.867934 0.620944 0.026555 0.076833
0 0.904023 0.613500 0.025719 0.091444
0 0.844289 0.495576 0.017422 0.055903
0 0.810273 0.501549 0.015766 0.041292
0 0.775844 0.497861 0.018250 0.051611
3 0.524043 0.877653 0.063883 0.179944
1 0.313730 0.825222 0.031523 0.069167
3 0.809031 0.909292 0.074672 0.157972
3 0.333641 0.587681 0.061391 0.078167
3 0.436520 0.482965 0.044805 0.054569
3 0.729383 0.727139 0.058078 0.123750
3 0.731043 0.573743 0.043148 0.079792
3 0.790363 0.566299 0.040648 0.091458
3 0.689559 0.438125 0.031523 0.041306
7 0.699930 0.495500 0.035672 0.085556
10 0.204219 0.569326 0.096234 0.197792
10 0.100926 0.518347 0.151820 0.166694
10 0.207949 0.432229 0.098727 0.126847
10 0.303359 0.455090 0.141875 0.143069
6 0.426148 0.390049 0.078812 0.098819
6 0.252336 0.719833 0.076328 0.259583
