5 0.636477 0.348771 0.032359 0.054569
4 0.490523 0.291063 0.023687 0.043847
2 0.594996 0.328125 0.022398 0.045722
2 0.540238 0.305264 0.022398 0.047194
2 0.882469 0.555264 0.044797 0.072278
2 0.922703 0.652611 0.035672 0.089972
2 0.729812 0.570750 0.039828 0.073750
2 0.581305 0.375319 0.023234 0.048667
2 0.315406 0.387118 0.017422 0.051625
2 0.295906 0.526493 0.036500 0.053097
2 0.267699 0.575174 0.026555 0.067847
2 0.161504 0.687271 0.039820 0.085542
4 0.837250 0.671042 0.070516 0.135694
3 0.760094 0.508806 0.077156 0.059000
3 0.319551 0.311896 0.019086 0.033931
