5 0.635164 0.349507 0.034281 0.054597
2 0.323789 0.604069 0.030000 0.073639
2 0.357000 0.506938 0.046422 0.059681
2 0.387707 0.444097 0.026430 0.048250
2 0.714438 0.445368 0.028562 0.058403
2 0.927613 0.698021 0.044992 0.083792
2 0.881555 0.559632 0.034281 0.063486
2 0.159531 0.688493 0.042844 0.079986
2 0.269871 0.573597 0.032133 0.068556
2 0.296648 0.524715 0.041422 0.057125
2 0.317719 0.388229 0.017859 0.050792
2 0.298793 0.470757 0.037133 0.050792
2 0.835133 0.475201 0.034281 0.049514
1 0.235590 0.665639 0.032133 0.052056
3 0.448770 0.449813 0.025711 0.049514
4 0.646234 0.645965 0.056422 0.096486
3 0.790137 0.469486 0.032852 0.055861
