2 0.017512 0.871708 0.035023 0.103250
3 0.318723 0.310500 0.019836 0.028028
3 0.400816 0.305333 0.021570 0.029500
3 0.591637 0.563444 0.039820 0.073750
2 0.657676 0.436604 0.027383 0.050153
2 0.702852 0.450618 0.031609 0.051625
2 0.778762 0.516986 0.022320 0.063417
2 0.941828 0.860639 0.061391 0.122417
2 0.299641 0.404153 0.031438 0.050139
2 0.923160 0.656368 0.045633 0.082597
2 0.857949 0.467576 0.028211 0.058986
2 0.530281 0.295007 0.018172 0.038347
2 0.519539 0.271417 0.014938 0.029500
9 0.455574 0.377604 0.038164 0.103236
10 0.667551 0.372438 0.072180 0.098819
