3 0.411629 0.740486 0.051445 0.109139
3 0.672969 0.557521 0.049781 0.079792
3 0.447719 0.321535 0.019078 0.032292
3 0.317879 0.312688 0.021570 0.029347
5 0.439836 0.410104 0.024891 0.053097
5 0.636047 0.347417 0.034016 0.057528
9 0.585855 0.382667 0.049773 0.072278
9 0.408723 0.328910 0.022398 0.053236
1 0.683340 0.455090 0.022398 0.048681
10 0.346086 0.404868 0.041484 0.131125
2 0.030406 0.735174 0.060563 0.081125
2 0.160246 0.685840 0.043148 0.079792
2 0.314559 0.390854 0.021570 0.053236
2 0.379273 0.436500 0.016594 0.044250
2 0.704492 0.435174 0.024891 0.050153
2 0.872082 0.668139 0.036508 0.082750
2 0.953805 0.705757 0.050609 0.086875
2 0.881211 0.528028 0.033188 0.056194
