3 0.197344 0.905951 0.072031 0.152181
3 0.284668 0.878743 0.073008 0.157486
3 0.352750 0.844542 0.078906 0.145194
3 0.297500 0.736632 0.057187 0.125931
3 0.124305 0.772604 0.087797 0.145208
3 0.784973 0.903535 0.065055 0.157931
3 0.103078 0.945354 0.076938 0.108486
3 0.778590 0.767319 0.066102 0.127694
4 0.703125 0.824840 0.057813 0.150042
4 0.695285 0.646076 0.059320 0.127708
2 0.214324 0.670347 0.037602 0.088472
6 0.176383 0.600104 0.065203 0.093819
3 0.306625 0.586042 0.046437 0.074583
3 0.309539 0.538771 0.048578 0.067542
3 0.525703 0.869153 0.078906 0.190806
5 0.355617 0.569931 0.062062 0.092917
10 0.083484 0.589236 0.137234 0.208500
10 0.256922 0.495875 0.137234 0.176750
10 0.828160 0.627347 0.147039 0.286972
