9 0.345574 0.887750 0.071695 0.149056
5 0.526422 0.879299 0.068438 0.190042
5 0.309312 0.694382 0.058406 0.127069
3 0.281547 0.849569 0.065031 0.152444
3 0.253801 0.723521 0.064320 0.104903
3 0.383914 0.511187 0.043609 0.053736
3 0.221352 0.680646 0.060984 0.088153
3 0.268492 0.607528 0.046984 0.068000
3 0.485859 0.457049 0.041563 0.052847
3 0.329082 0.553979 0.055664 0.047597
3 0.329070 0.600771 0.064672 0.068181
12 0.189910 0.832639 0.103414 0.206111
2 0.319328 0.451493 0.032281 0.045069
2 0.324078 0.515486 0.035813 0.062889
10 0.435801 0.397778 0.106602 0.112778
5 0.459281 0.428417 0.046844 0.064056
10 0.675934 0.605201 0.111008 0.267708
10 0.899070 0.751375 0.200453 0.362806
10 0.778352 0.860951 0.153922 0.278097
10 0.622711 0.377368 0.047547 0.128319
10 0.694152 0.396875 0.072477 0.140694
10 0.125422 0.553264 0.161469 0.202917
6 0.822082 0.469000 0.065211 0.138667
