1 0.910246 0.880528 0.033180 0.100444
1 0.318293 0.533924 0.024055 0.055903
1 0.360605 0.505090 0.017430 0.051625
1 0.255656 0.526549 0.014938 0.053236
3 0.332813 0.629056 0.071344 0.089833
3 0.482148 0.448375 0.036500 0.059139
1 0.646832 0.413715 0.014102 0.042625
1 0.424902 0.475736 0.019914 0.048667
10 0.424074 0.385035 0.102883 0.112097
6 0.812348 0.494097 0.056414 0.141444
2 0.259391 0.597347 0.042313 0.076556
2 0.960438 0.766965 0.068859 0.100153
2 0.331152 0.443139 0.039820 0.057528
2 0.851758 0.481639 0.035672 0.081111
4 0.878719 0.711722 0.059734 0.119472
0 0.275980 0.505236 0.020742 0.054583
0 0.396695 0.466889 0.026547 0.051611
0 0.799488 0.698382 0.032352 0.101625
0 0.277641 0.735986 0.025719 0.082750
0 0.238648 0.503764 0.027375 0.063417
3 0.298797 0.828174 0.056422 0.110764
3 0.524879 0.876924 0.063883 0.190264
3 0.237402 0.730750 0.069695 0.122417
