3 0.521332 0.872951 0.069617 0.201458
3 0.105488 0.850660 0.108602 0.159903
10 0.808172 0.730187 0.158688 0.381014
6 0.290672 0.848181 0.146656 0.300167
10 0.416000 0.415757 0.141125 0.171625
8 0.351469 0.545299 0.086328 0.140264
8 0.727398 0.837375 0.058484 0.166667
3 0.191812 0.733493 0.084469 0.107097
3 0.268395 0.646035 0.076117 0.087625
3 0.322695 0.652722 0.071469 0.090750
3 0.933000 0.861389 0.090969 0.151972
2 0.388598 0.840840 0.069617 0.103958
2 0.673563 0.856437 0.051047 0.142069
2 0.932535 0.737625 0.051055 0.128889
