1 0.685828 0.615118 0.019078 0.061958
1 0.760082 0.713201 0.021570 0.081125
1 0.781234 0.647424 0.024062 0.070792
1 0.811934 0.516965 0.015758 0.045875
1 0.352313 0.482222 0.017422 0.044250
9 0.813176 0.800813 0.064711 0.206486
5 0.829773 0.606861 0.059734 0.119472
3 0.165641 0.847340 0.092094 0.134069
3 0.524875 0.884882 0.065547 0.203542
3 0.706152 0.789826 0.054758 0.157958
3 0.734777 0.496243 0.048945 0.081125
2 0.891164 0.775000 0.058078 0.169611
0 0.355211 0.843736 0.034844 0.106194
0 0.310828 0.754500 0.042313 0.095861
0 0.400430 0.545792 0.022406 0.061944
0 0.849270 0.537535 0.022398 0.054569
0 0.837652 0.488125 0.027383 0.064889
0 0.324516 0.434292 0.019906 0.051611
2 0.321195 0.680604 0.034844 0.081125
10 0.295480 0.605458 0.124445 0.222861
10 0.209609 0.598160 0.138547 0.231569
10 0.102172 0.517035 0.152656 0.172569
10 0.208777 0.427729 0.098727 0.117847
