3 0.354426 0.929931 0.087555 0.140139
10 0.091445 0.581257 0.142313 0.228014
10 0.901645 0.789125 0.196383 0.401750
10 0.813316 0.544382 0.139242 0.209292
9 0.681590 0.538236 0.066930 0.143417
3 0.523684 0.875090 0.072789 0.195264
10 0.360855 0.397896 0.122648 0.152958
3 0.066238 0.921257 0.083461 0.145819
3 0.048016 0.826479 0.084906 0.121292
3 0.127969 0.659799 0.070625 0.080708
3 0.716297 0.664250 0.051344 0.114056
9 0.310480 0.748139 0.066539 0.210167
4 0.240828 0.721910 0.049594 0.126319
3 0.139492 0.872014 0.060703 0.172083
0 0.220957 0.855549 0.039070 0.127125
0 0.187395 0.797257 0.039070 0.127125
3 0.716133 0.849653 0.065859 0.225139
3 0.277863 0.642854 0.076305 0.095986
3 0.296719 0.554215 0.057500 0.083986
4 0.168863 0.732069 0.083086 0.130167
