3 0.343672 0.933056 0.073438 0.133889
3 0.266211 0.916785 0.079297 0.159403
3 0.320195 0.801361 0.061484 0.115833
3 0.220543 0.831861 0.074383 0.127611
3 0.140234 0.911743 0.081719 0.140431
3 0.109727 0.847042 0.079297 0.137694
3 0.182188 0.702278 0.078281 0.096222
3 0.248750 0.667639 0.064219 0.096667
3 0.234098 0.613167 0.081492 0.076611
3 0.318414 0.583396 0.053172 0.078181
3 0.348988 0.510764 0.047336 0.064028
3 0.676992 0.605833 0.057891 0.115833
3 0.789043 0.918819 0.076836 0.162361
5 0.329805 0.646326 0.059453 0.122931
3 0.523203 0.873681 0.071250 0.191806
4 0.298734 0.516111 0.044875 0.079167
9 0.379961 0.555382 0.081172 0.114653
10 0.114621 0.537736 0.143961 0.160778
10 0.087344 0.697208 0.174687 0.271639
10 0.917148 0.826806 0.165703 0.346389
10 0.810020 0.631653 0.143961 0.267472
10 0.662148 0.456806 0.075703 0.161667
1 0.732344 0.681875 0.037031 0.099583
0 0.790781 0.783014 0.028281 0.102028
