10 0.394379 0.378472 0.121398 0.121667
4 0.316953 0.729236 0.058594 0.143194
5 0.200988 0.910153 0.064852 0.158861
3 0.338395 0.891944 0.064852 0.148889
3 0.250793 0.731181 0.062008 0.115417
3 0.162504 0.838806 0.084367 0.129833
3 0.142316 0.759799 0.079586 0.103208
3 0.169285 0.674396 0.081273 0.080181
3 0.292465 0.639986 0.044289 0.087472
3 0.522730 0.871160 0.067352 0.195097
3 0.703418 0.644326 0.055820 0.101986
4 0.380410 0.485625 0.063086 0.078472
3 0.701730 0.563569 0.043883 0.080750
3 0.643012 0.496875 0.042570 0.095694
7 0.304895 0.450444 0.064852 0.151889
4 0.237035 0.638465 0.056867 0.104403
9 0.358414 0.582382 0.083016 0.121431
4 0.276867 0.550792 0.039703 0.084917
4 0.266328 0.821931 0.055937 0.141639
10 0.110215 0.545986 0.143555 0.183861
10 0.784078 0.585833 0.118469 0.247222
4 0.698324 0.768618 0.056867 0.157236
