10 0.797414 0.647493 0.131078 0.280375
10 0.224961 0.662167 0.154312 0.283194
10 0.103418 0.523528 0.158461 0.182889
10 0.204633 0.433701 0.105359 0.129792
10 0.303773 0.489597 0.146016 0.150444
10 0.442324 0.455014 0.099555 0.157667
11 0.657207 0.419618 0.046461 0.101625
3 0.225785 0.878986 0.073008 0.138639
3 0.294648 0.724854 0.059734 0.107681
3 0.336133 0.860694 0.084625 0.125361
3 0.524461 0.881194 0.064719 0.184361
3 0.753031 0.891521 0.060562 0.157819
2 0.862957 0.542847 0.036508 0.073750
2 0.939695 0.646681 0.042313 0.075222
2 0.976621 0.818507 0.046461 0.159292
1 0.314977 0.575146 0.025719 0.067847
1 0.383422 0.555972 0.018250 0.050139
1 0.696609 0.452806 0.017422 0.056194
0 0.344844 0.606931 0.027375 0.090111
0 0.323273 0.747861 0.035672 0.082583
0 0.260219 0.930604 0.048953 0.117986
0 0.960438 0.710174 0.050609 0.093069
