10 0.869594 0.746236 0.209078 0.362833
10 0.102168 0.518451 0.157633 0.169486
10 0.209609 0.430604 0.102047 0.126847
9 0.707395 0.681347 0.072180 0.138639
2 0.713621 0.571465 0.031523 0.081125
2 0.783313 0.463861 0.034844 0.069472
3 0.227449 0.777361 0.074664 0.115056
3 0.526949 0.876764 0.069695 0.181417
3 0.753855 0.868736 0.073836 0.141444
3 0.377613 0.540563 0.063055 0.083931
1 0.312484 0.567847 0.019078 0.050000
1 0.752199 0.623896 0.022398 0.073597
1 0.838480 0.536875 0.020742 0.059139
1 0.787461 0.550146 0.024891 0.038486
0 0.275980 0.680681 0.027383 0.087167
0 0.734777 0.525146 0.020742 0.064903
0 0.927254 0.651181 0.032352 0.066222
0 0.355211 0.421167 0.024891 0.048667
