2 0.211355 0.676569 0.037133 0.085806
3 0.915875 0.864688 0.089109 0.171625
3 0.240129 0.891910 0.057555 0.140264
3 0.205320 0.778049 0.062188 0.103958
3 0.149164 0.772278 0.077969 0.105611
0 0.260551 0.755778 0.031555 0.066000
0 0.245699 0.691424 0.035273 0.059403
0 0.434125 0.892736 0.061266 0.102306
3 0.521383 0.877062 0.059406 0.183181
8 0.300930 0.745049 0.062188 0.130375
10 0.790570 0.759903 0.165203 0.397694
10 0.334336 0.530528 0.158672 0.202972
2 0.364047 0.877889 0.058484 0.105611
2 0.352445 0.771451 0.051984 0.100653
10 0.735797 0.480201 0.107672 0.198014
1 0.972930 0.735972 0.052891 0.112222
