10 0.526574 0.346257 0.088195 0.107347
3 0.272437 0.890035 0.065031 0.152431
5 0.527445 0.878243 0.068437 0.190042
5 0.301742 0.737708 0.059328 0.130139
5 0.436340 0.448250 0.059352 0.064056
10 0.668668 0.586875 0.111977 0.257083
10 0.901184 0.753493 0.197633 0.359958
10 0.777812 0.854333 0.149531 0.291333
10 0.776270 0.575000 0.092930 0.207222
10 0.622059 0.380681 0.042867 0.124194
10 0.370469 0.440576 0.133125 0.134958
3 0.378891 0.531208 0.040594 0.057917
3 0.325535 0.557674 0.059195 0.069375
3 0.371973 0.596472 0.065664 0.057917
3 0.256023 0.637910 0.063453 0.074736
3 0.192746 0.741611 0.074242 0.090167
3 0.237445 0.787639 0.066922 0.111667
2 0.277609 0.510083 0.031797 0.062889
2 0.225121 0.614903 0.039148 0.082111
10 0.126000 0.552708 0.154234 0.191972
9 0.341094 0.890014 0.071703 0.149056
6 0.806023 0.438632 0.054516 0.125514
