0 0.274617 0.725167 0.032062 0.076556
2 0.376758 0.945028 0.056797 0.070028
3 0.526539 0.871660 0.059547 0.200486
3 0.693270 0.559861 0.079695 0.091194
3 0.695102 0.485764 0.046719 0.057000
10 0.671742 0.323715 0.049469 0.097708
3 0.493105 0.409215 0.043977 0.053736
0 0.784422 0.563118 0.034812 0.078181
3 0.804117 0.747972 0.057719 0.105861
4 0.962145 0.629076 0.069617 0.115625
0 0.838473 0.490646 0.036648 0.053736
0 0.061164 0.746340 0.043062 0.070042
5 0.185305 0.935465 0.093422 0.129069
0 0.355230 0.408403 0.030227 0.045611
