3 0.371848 0.508111 0.060570 0.075222
3 0.488828 0.466813 0.039000 0.054569
3 0.468500 0.443215 0.051438 0.054569
3 0.525746 0.879056 0.069695 0.185833
3 0.312527 0.653396 0.056414 0.082597
1 0.127102 0.801618 0.037328 0.069319
1 0.327465 0.545722 0.013273 0.056056
1 0.305891 0.547194 0.019906 0.047194
1 0.372262 0.450590 0.018258 0.042764
1 0.364793 0.404868 0.011617 0.039819
1 0.884984 0.623153 0.018250 0.045722
0 0.329953 0.905611 0.041484 0.091444
0 0.035012 0.859882 0.057242 0.079653
0 0.905723 0.710917 0.038164 0.085556
0 0.625305 0.570063 0.024891 0.066375
0 0.744773 0.488937 0.018250 0.057514
0 0.205504 0.530972 0.031523 0.050139
0 0.344055 0.435104 0.023234 0.058986
0 0.153648 0.721972 0.027375 0.078167
2 0.412086 0.519174 0.033188 0.070792
2 0.521602 0.367993 0.024891 0.039819
4 0.314187 0.747049 0.054750 0.128319
4 0.729426 0.918882 0.057242 0.156347
9 0.250719 0.789826 0.068859 0.187319
7 0.290539 0.461646 0.034016 0.067847
3 0.137887 0.918882 0.080477 0.141597
3 0.510398 0.401181 0.035672 0.047194
5 0.802848 0.738938 0.077992 0.168153
10 0.117559 0.654132 0.141039 0.269903
10 0.104285 0.532451 0.159289 0.206486
10 0.207164 0.432153 0.102875 0.132750
10 0.461035 0.376840 0.091258 0.116514
6 0.212555 0.699111 0.083797 0.179944
