0 0.207539 0.547194 0.026547 0.059139
0 0.282617 0.534590 0.035672 0.054569
0 0.856734 0.936653 0.037328 0.106194
0 0.800316 0.481639 0.019086 0.060472
0 0.947164 0.652653 0.027375 0.066528
10 0.103000 0.520576 0.152656 0.182903
10 0.207953 0.432965 0.102047 0.140125
9 0.302945 0.457965 0.043141 0.087181
9 0.719844 0.477139 0.052266 0.128167
4 0.873324 0.609069 0.055586 0.088500
3 0.492520 0.414451 0.035680 0.055903
3 0.525293 0.878986 0.063055 0.200583
3 0.794094 0.750000 0.058078 0.134083
2 0.355211 0.593583 0.034844 0.072278
2 0.910246 0.910764 0.049773 0.125222
2 0.899047 0.552431 0.035672 0.072278
1 0.168129 0.825889 0.027383 0.073750
1 0.231594 0.702729 0.024891 0.063431
1 0.098852 0.650444 0.026547 0.056194
1 0.738094 0.596611 0.022406 0.069472
1 0.965004 0.935764 0.031523 0.107667
0 0.259391 0.642333 0.027375 0.072417
0 0.186793 0.605528 0.038164 0.057528
