2 0.436234 0.461549 0.047063 0.078375
2 0.523262 0.872215 0.072180 0.194292
1 0.331691 0.794771 0.046461 0.115653
3 0.313164 0.698313 0.057109 0.141903
2 0.273879 0.847278 0.059742 0.133222
12 0.354328 0.937792 0.046813 0.124417
12 0.321953 0.881924 0.043906 0.131153
9 0.172855 0.815208 0.161633 0.369583
2 0.475078 0.485549 0.048750 0.051931
2 0.502055 0.441937 0.042141 0.058875
2 0.564273 0.467417 0.035516 0.084278
2 0.726562 0.848493 0.074531 0.159486
11 0.694977 0.660757 0.060203 0.151819
0 0.676535 0.858653 0.029117 0.106583
9 0.364820 0.516799 0.111766 0.160264
9 0.818094 0.764819 0.190125 0.391306
9 0.195449 0.619604 0.174883 0.207319
