2 0.921906 0.866340 0.047344 0.128708
2 0.420203 0.943889 0.076109 0.105611
10 0.794738 0.761549 0.166148 0.364681
10 0.257766 0.584160 0.180078 0.214514
8 0.338984 0.852306 0.082609 0.166667
3 0.521844 0.872111 0.067766 0.173278
3 0.323227 0.617986 0.086359 0.100667
0 0.252660 0.792903 0.028773 0.084167
0 0.277723 0.845708 0.038055 0.097361
0 0.256371 0.698840 0.030633 0.070958
0 0.876422 0.662542 0.043625 0.097361
3 0.175156 0.852306 0.079828 0.146861
3 0.124090 0.819292 0.090992 0.133639
3 0.254980 0.933993 0.096539 0.112208
3 0.304641 0.773104 0.056625 0.103958
0 0.213211 0.731847 0.046406 0.100667
