10 0.287180 0.510396 0.111172 0.174042
10 0.227035 0.485986 0.098727 0.157667
10 0.208367 0.446090 0.104531 0.169625
2 0.922691 0.702139 0.066367 0.126833
3 0.183062 0.803028 0.083797 0.122417
3 0.270590 0.780160 0.064711 0.112097
3 0.348988 0.613569 0.045633 0.073611
3 0.524879 0.882007 0.072180 0.182736
3 0.667992 0.503611 0.041484 0.075222
1 0.719012 0.957222 0.030695 0.079500
1 0.274738 0.952729 0.036508 0.088486
1 0.845949 0.610549 0.029039 0.070792
0 0.330324 0.867257 0.033180 0.079792
0 0.255242 0.882667 0.040656 0.078167
0 0.207121 0.680681 0.030695 0.090111
0 0.161902 0.687979 0.038164 0.084069
0 0.814422 0.529424 0.022406 0.070792
0 0.760082 0.457299 0.019914 0.067847
0 0.842633 0.511875 0.025719 0.061944
