5 0.635809 0.349903 0.031570 0.053500
3 0.435770 0.864090 0.054320 0.100486
3 0.486418 0.289215 0.020555 0.036542
3 0.317949 0.314007 0.019820 0.033931
3 0.747395 0.550875 0.057992 0.069167
3 0.764641 0.779271 0.077812 0.121375
3 0.801715 0.628535 0.077086 0.093958
10 0.347680 0.406674 0.042578 0.127903
9 0.674715 0.795576 0.109383 0.242736
4 0.391723 0.515639 0.038180 0.071778
4 0.605711 0.379264 0.037437 0.054806
2 0.161586 0.685306 0.046250 0.077000
2 0.269129 0.569806 0.027898 0.060028
2 0.306566 0.544354 0.024961 0.050903
2 0.371902 0.483674 0.023492 0.049597
2 0.315746 0.387090 0.018352 0.041764
2 0.880629 0.569153 0.029367 0.063944
2 0.952203 0.795576 0.046250 0.104403
