10 0.223887 0.698479 0.170555 0.288625
5 0.293914 0.727639 0.069766 0.133778
5 0.350695 0.625035 0.063453 0.105764
5 0.524820 0.878500 0.069766 0.197722
10 0.752910 0.826576 0.152461 0.346847
10 0.835547 0.791007 0.192813 0.399097
10 0.435570 0.376000 0.101984 0.107444
10 0.696098 0.418660 0.062805 0.154625
10 0.821977 0.543132 0.121516 0.210681
3 0.649723 0.554937 0.043367 0.083458
3 0.626078 0.442750 0.035187 0.065444
3 0.694852 0.551014 0.044047 0.091306
3 0.660160 0.442160 0.027648 0.066514
5 0.729559 0.516201 0.055414 0.088986
5 0.682254 0.668222 0.051117 0.145778
5 0.486027 0.446083 0.044195 0.073944
12 0.394164 0.463910 0.066359 0.094125
3 0.515219 0.393833 0.034563 0.045389
3 0.443582 0.441972 0.041586 0.051889
3 0.459867 0.487944 0.050422 0.041056
3 0.643625 0.493569 0.035187 0.048694
3 0.617957 0.395153 0.029039 0.049472
