0 0.226043 0.730458 0.035727 0.076028
4 0.269531 0.917382 0.080781 0.165236
9 0.332922 0.421187 0.145250 0.129597
9 0.428141 0.400229 0.098719 0.143236
2 0.636465 0.451257 0.036758 0.069181
2 0.485441 0.473882 0.043805 0.058875
2 0.500488 0.433472 0.038867 0.057778
11 0.396109 0.506535 0.067547 0.090847
9 0.259508 0.549014 0.134422 0.160250
12 0.156145 0.738417 0.069742 0.107333
9 0.111703 0.705986 0.201594 0.243389
2 0.522680 0.875590 0.069141 0.196653
3 0.734391 0.807972 0.082531 0.157056
12 0.323418 0.809944 0.038789 0.120111
9 0.760094 0.663792 0.148625 0.333417
2 0.269922 0.801986 0.065469 0.134083
2 0.294828 0.690896 0.061750 0.098736
2 0.256297 0.642896 0.083188 0.111903
2 0.342539 0.572833 0.069141 0.094833
2 0.650961 0.561799 0.049328 0.088875
