10 0.279719 0.507299 0.127766 0.185847
10 0.354797 0.399632 0.135234 0.117986
10 0.209195 0.431417 0.102875 0.131111
6 0.861711 0.552438 0.078813 0.190264
7 0.092215 0.761868 0.146023 0.160764
4 0.748465 0.707306 0.053102 0.119472
2 0.364340 0.946090 0.054758 0.101764
3 0.207953 0.873972 0.060563 0.137167
3 0.283863 0.738125 0.079648 0.095861
3 0.526117 0.872493 0.068031 0.190264
0 0.373465 0.501549 0.019914 0.067847
0 0.890750 0.697708 0.040656 0.091444
0 0.835578 0.662979 0.033188 0.089819
0 0.793270 0.623896 0.029867 0.076847
0 0.800320 0.559069 0.027375 0.064889
1 0.283445 0.941076 0.034016 0.094403
1 0.748883 0.938861 0.034016 0.092917
1 0.895312 0.839236 0.036500 0.100444
1 0.720672 0.631931 0.030703 0.060472
1 0.417023 0.463125 0.017422 0.052944
10 0.249852 0.599556 0.195797 0.225806
