9 0.779160 0.569396 0.073008 0.156347
7 0.652641 0.469028 0.034016 0.085694
11 0.716523 0.441076 0.065547 0.115042
0 0.354801 0.512465 0.020742 0.057514
0 0.330738 0.511875 0.022398 0.059000
0 0.310828 0.486722 0.019078 0.056194
3 0.524043 0.880528 0.072180 0.188944
0 0.499988 0.462319 0.020742 0.060472
0 0.845949 0.535396 0.019086 0.052958
0 0.939699 0.677660 0.030695 0.084069
10 0.125398 0.842917 0.212391 0.308111
10 0.183891 0.621604 0.160125 0.216819
10 0.252336 0.482229 0.142703 0.162236
10 0.210855 0.437243 0.104539 0.146014
10 0.102586 0.517771 0.158469 0.174042
6 0.377613 0.435104 0.079648 0.123736
