1 0.226203 0.806785 0.030703 0.082736
1 0.946750 0.701250 0.028203 0.063417
1 0.302113 0.427729 0.019914 0.035264
11 0.760496 0.564972 0.082133 0.153389
9 0.476758 0.419687 0.043969 0.072264
10 0.397109 0.464528 0.093750 0.147500
10 0.096363 0.653319 0.121133 0.244833
3 0.523633 0.877583 0.066375 0.188944
3 0.353969 0.592104 0.072172 0.069319
5 0.152367 0.925438 0.093750 0.143069
2 0.265613 0.639375 0.028211 0.087167
2 0.229520 0.526549 0.030695 0.065042
0 0.112957 0.790562 0.049773 0.097486
0 0.304191 0.835472 0.037336 0.125361
0 0.204633 0.679868 0.034016 0.094403
0 0.248602 0.601771 0.027375 0.076542
0 0.283863 0.558181 0.028211 0.075222
0 0.238234 0.576035 0.026547 0.072264
0 0.331566 0.434368 0.019086 0.042625
0 0.916883 0.744104 0.036500 0.104569
0 0.828109 0.643875 0.024891 0.078167
0 0.915641 0.644542 0.027375 0.076833
0 0.823961 0.532528 0.024891 0.061944
