10 0.348992 0.521465 0.130250 0.187319
10 0.168957 0.678389 0.168414 0.289083
10 0.281789 0.495646 0.151828 0.171097
10 0.464313 0.417479 0.093750 0.129792
10 0.104242 0.518361 0.153484 0.166667
10 0.210023 0.432965 0.104531 0.140125
6 0.260215 0.854056 0.123617 0.241889
6 0.839312 0.752139 0.087109 0.306778
3 0.070645 0.884215 0.102883 0.131125
3 0.158586 0.874708 0.066375 0.147500
3 0.304187 0.752215 0.052266 0.097486
3 0.341523 0.851035 0.077156 0.120792
3 0.433617 0.943215 0.093750 0.107514
3 0.526949 0.879868 0.066367 0.196153
3 0.648492 0.448382 0.034016 0.065042
3 0.486301 0.462389 0.038164 0.063278
5 0.288426 0.610694 0.073836 0.103250
2 0.346086 0.923306 0.049781 0.097500
2 0.260633 0.686583 0.033188 0.087167
0 0.230352 0.681417 0.030703 0.082750
0 0.300457 0.663715 0.028211 0.076847
0 0.357289 0.596535 0.025719 0.063431
0 0.655133 0.839972 0.042312 0.131111
0 0.909418 0.783847 0.038164 0.119472
0 0.762152 0.801694 0.030695 0.116528
0 0.714449 0.480167 0.024883 0.063417
0 0.880793 0.595062 0.027383 0.081125
1 0.906926 0.675521 0.023227 0.076847
1 0.765477 0.474187 0.017422 0.048819
