10 0.286688 0.603812 0.093016 0.235764
7 0.454305 0.544868 0.034078 0.072042
11 0.536270 0.379507 0.050648 0.104792
5 0.636191 0.347583 0.036836 0.057306
3 0.318004 0.314833 0.021180 0.037667
3 0.801043 0.494118 0.034992 0.065486
3 0.962211 0.749528 0.073672 0.117889
2 0.178016 0.733972 0.030391 0.076944
2 0.158215 0.680764 0.036836 0.081861
2 0.687305 0.504757 0.030391 0.063847
2 0.704805 0.471194 0.030391 0.062222
2 0.578633 0.356583 0.021188 0.049111
2 0.766969 0.518674 0.033156 0.081875
2 0.923531 0.648833 0.044203 0.086778
2 0.872418 0.547326 0.048805 0.060569
