3 0.641480 0.599556 0.055586 0.095861
3 0.581750 0.460917 0.040656 0.078167
3 0.442785 0.353250 0.021570 0.030972
3 0.319164 0.309736 0.019906 0.029500
3 0.286391 0.654132 0.077156 0.087014
5 0.637750 0.350299 0.034844 0.054569
6 0.804508 0.873896 0.126109 0.249264
10 0.348617 0.402653 0.048953 0.132750
2 0.256109 0.818583 0.043141 0.112083
2 0.158629 0.686576 0.040648 0.078181
2 0.315016 0.392326 0.018250 0.053097
2 0.379730 0.314896 0.014930 0.033931
2 0.712004 0.444688 0.029039 0.057514
2 0.754727 0.457965 0.024891 0.051625
2 0.851797 0.519174 0.028203 0.056042
2 0.917758 0.575958 0.034016 0.066361
2 0.978582 0.686576 0.042836 0.095875
2 0.381387 0.629056 0.031523 0.072278
