4 0.358117 0.926326 0.093750 0.132736
0 0.300043 0.745507 0.037336 0.084069
0 0.167297 0.870278 0.035672 0.088500
0 0.275566 0.901181 0.063055 0.076556
0 0.825621 0.767771 0.031523 0.101764
0 0.812762 0.533924 0.029039 0.079792
0 0.775016 0.455014 0.023234 0.063278
0 0.864199 0.542847 0.022398 0.061944
0 0.883699 0.514819 0.021570 0.059000
2 0.154438 0.949111 0.051438 0.087167
2 0.265613 0.819986 0.063055 0.109139
2 0.842629 0.501549 0.027383 0.058986
0 0.249434 0.741965 0.035680 0.085542
0 0.176426 0.649632 0.029039 0.081125
10 0.316219 0.538271 0.136062 0.176986
10 0.268098 0.519910 0.132742 0.178319
10 0.079773 0.535326 0.144359 0.179931
10 0.208363 0.427729 0.097898 0.121097
3 0.524461 0.876840 0.064719 0.181569
1 0.107148 0.675521 0.036500 0.055903
1 0.309996 0.661500 0.024055 0.069472
1 0.832258 0.916007 0.024891 0.112097
1 0.734777 0.828174 0.029039 0.086875
1 0.694121 0.712313 0.022398 0.085542
0 0.037875 0.856931 0.052266 0.106333
0 0.095949 0.813347 0.055586 0.101778
0 0.100926 0.738938 0.048945 0.076847
