3 0.347176 0.828736 0.098617 0.169472
2 0.523562 0.871708 0.071328 0.199444
2 0.687727 0.654507 0.051891 0.105403
11 0.671645 0.525486 0.040148 0.102361
2 0.281648 0.706083 0.057203 0.131944
2 0.269738 0.903660 0.060992 0.142875
9 0.818379 0.764931 0.190117 0.387917
9 0.156121 0.828681 0.175258 0.342639
2 0.374047 0.529875 0.064875 0.087806
2 0.483320 0.476056 0.050234 0.064056
11 0.464047 0.435486 0.048156 0.073750
2 0.425691 0.488965 0.047367 0.060708
9 0.237672 0.630451 0.197937 0.202292
0 0.259566 0.776583 0.023367 0.088778
9 0.321766 0.485389 0.112250 0.119389
2 0.504039 0.437187 0.039734 0.052153
