3 0.617258 0.433806 0.033891 0.063222
10 0.697691 0.418076 0.062805 0.154625
10 0.235234 0.685611 0.162500 0.294889
10 0.835859 0.790451 0.196563 0.392431
10 0.457320 0.350215 0.093078 0.090681
3 0.668992 0.631771 0.047797 0.100347
3 0.706824 0.594729 0.047758 0.098042
3 0.637441 0.506125 0.038945 0.073361
3 0.730168 0.512292 0.051539 0.083444
3 0.673727 0.494875 0.037078 0.073306
3 0.660465 0.558861 0.043367 0.068833
5 0.295359 0.728153 0.069766 0.133778
5 0.357090 0.599944 0.063164 0.080111
5 0.521570 0.874368 0.069766 0.179875
5 0.711738 0.857562 0.067383 0.198208
5 0.484105 0.442465 0.038195 0.061736
12 0.401383 0.453868 0.059984 0.080458
2 0.710273 0.709792 0.038672 0.086278
