2 0.521449 0.871069 0.072133 0.192556
12 0.676613 0.836868 0.038336 0.139597
2 0.750363 0.925674 0.085320 0.146431
11 0.725141 0.769153 0.070891 0.169139
9 0.819063 0.770375 0.190125 0.391306
3 0.690605 0.599806 0.056898 0.138250
2 0.288707 0.780840 0.072117 0.150014
12 0.287762 0.897333 0.045727 0.143944
12 0.333840 0.875021 0.038336 0.128569
12 0.335680 0.795715 0.033797 0.113292
12 0.322332 0.680889 0.030961 0.094278
9 0.189520 0.797625 0.166492 0.372806
9 0.280848 0.590160 0.150492 0.231819
9 0.441164 0.401472 0.102781 0.132333
2 0.508180 0.416729 0.034266 0.053458
9 0.112906 0.710174 0.206937 0.323681
