1 0.670387 0.701056 0.037820 0.102361
1 0.713281 0.860208 0.066406 0.161250
2 0.522445 0.873715 0.066828 0.194931
1 0.662492 0.554903 0.046578 0.083972
1 0.340773 0.833472 0.053766 0.116111
0 0.234699 0.893563 0.031539 0.101764
2 0.289789 0.722271 0.068078 0.122042
4 0.275207 0.823542 0.058961 0.167639
2 0.325258 0.572569 0.067609 0.090694
2 0.396867 0.523875 0.062344 0.074722
2 0.483961 0.474417 0.045203 0.053556
9 0.229352 0.586903 0.145047 0.180472
9 0.323426 0.490500 0.109852 0.129611
11 0.445184 0.460000 0.058852 0.079167
9 0.813812 0.759285 0.194031 0.400125
3 0.805914 0.937778 0.095203 0.124444
9 0.087422 0.768924 0.174844 0.277014
9 0.435367 0.396153 0.094734 0.145361
