0 0.344426 0.846604 0.046461 0.106347
0 0.201313 0.676924 0.032359 0.082597
0 0.800734 0.536062 0.018250 0.063431
0 0.797414 0.476472 0.019906 0.044250
0 0.972469 0.734583 0.034844 0.103250
1 0.827699 0.957889 0.029039 0.078167
1 0.743488 0.694688 0.021570 0.082736
1 0.632727 0.399632 0.017422 0.050153
1 0.465973 0.444687 0.022398 0.042625
1 0.390473 0.429938 0.029039 0.048819
2 0.239063 0.598819 0.034844 0.076556
2 0.437762 0.470500 0.022398 0.052944
2 0.379688 0.383437 0.027375 0.038403
3 0.524875 0.880535 0.060562 0.191597
3 0.309582 0.490340 0.033180 0.063431
3 0.493348 0.415271 0.032352 0.051625
10 0.121668 0.626917 0.176711 0.241889
10 0.100926 0.529500 0.155148 0.188944
10 0.210027 0.433556 0.106195 0.138639
