0 0.246531 0.735319 0.041484 0.104722
0 0.828523 0.536875 0.025719 0.070639
0 0.877891 0.630528 0.028203 0.080972
0 0.927258 0.688868 0.034016 0.082597
0 0.976621 0.727139 0.038164 0.091306
0 0.297141 0.848896 0.033187 0.101764
0 0.295062 0.459368 0.024063 0.048681
0 0.336961 0.403465 0.021578 0.054569
0 0.833922 0.468958 0.016594 0.047194
0 0.811102 0.450590 0.017422 0.042931
1 0.727727 0.935104 0.033188 0.121097
1 0.726480 0.524264 0.020742 0.048667
10 0.833918 0.845208 0.139383 0.303833
0 0.733531 0.812757 0.041484 0.112097
10 0.197582 0.446903 0.081305 0.141444
3 0.193434 0.751479 0.081305 0.104569
3 0.524875 0.877653 0.065547 0.179944
3 0.422414 0.474264 0.048125 0.051611
