0 0.177711 0.825958 0.035672 0.094389
0 0.344883 0.786875 0.034844 0.089972
0 0.707441 0.514007 0.023227 0.054569
0 0.840598 0.551618 0.022398 0.067847
0 0.381805 0.573743 0.025719 0.064903
0 0.400883 0.471236 0.024062 0.057528
1 0.682965 0.655611 0.019086 0.075222
1 0.664297 0.515486 0.014938 0.063417
1 0.647703 0.463125 0.016594 0.044250
1 0.781277 0.491153 0.014930 0.059000
2 0.262750 0.935840 0.069687 0.122431
2 0.919414 0.643806 0.057250 0.110611
2 0.268969 0.664451 0.043969 0.069319
2 0.330367 0.620208 0.043969 0.063417
7 0.310867 0.581118 0.036500 0.082597
3 0.526578 0.881271 0.066375 0.202069
3 0.366453 0.942479 0.112828 0.112097
3 0.281414 0.846604 0.068859 0.129792
3 0.272707 0.744104 0.063055 0.131264
3 0.504590 0.411507 0.029039 0.053097
5 0.095574 0.927729 0.090430 0.132736
10 0.113828 0.691007 0.214875 0.266958
10 0.099727 0.525069 0.153484 0.182889
10 0.305063 0.505903 0.170906 0.165194
10 0.205918 0.431417 0.098727 0.140111
6 0.132906 0.767701 0.204922 0.261069
6 0.419551 0.401181 0.073008 0.118000
