1 0.495836 0.411576 0.015766 0.038347
1 0.797828 0.726326 0.017422 0.078181
1 0.818570 0.736653 0.019078 0.084083
1 0.754273 0.615708 0.026547 0.069333
1 0.637707 0.472785 0.015758 0.051625
1 0.170199 0.871604 0.029867 0.067847
1 0.207539 0.771389 0.033187 0.076556
4 0.356457 0.530896 0.037336 0.082597
3 0.522805 0.878319 0.068031 0.175361
3 0.301293 0.707965 0.058055 0.091292
0 0.180988 0.956528 0.058070 0.086944
0 0.234086 0.918806 0.076328 0.088500
0 0.286355 0.844465 0.038164 0.101764
0 0.372637 0.872493 0.049773 0.101764
0 0.115031 0.763347 0.050609 0.075222
0 0.824379 0.640049 0.029039 0.067847
0 0.846363 0.530236 0.023227 0.063278
0 0.872910 0.500000 0.023227 0.059139
0 0.792437 0.464528 0.019906 0.059000
0 0.413289 0.412243 0.018250 0.045569
0 0.313730 0.458625 0.019914 0.047194
0 0.279301 0.436500 0.024055 0.044250
0 0.395035 0.403319 0.018258 0.045722
2 0.327836 0.932819 0.059734 0.122417
2 0.081848 0.705826 0.047289 0.081125
2 0.830598 0.457965 0.021570 0.045875
10 0.262707 0.615118 0.128602 0.238931
10 0.185133 0.598153 0.152656 0.210917
10 0.070645 0.543590 0.137727 0.190264
10 0.207535 0.430604 0.101211 0.132736
