7 0.722332 0.472049 0.037336 0.088486
3 0.277641 0.828910 0.062219 0.121097
3 0.526121 0.876181 0.058070 0.177000
3 0.693707 0.525146 0.039820 0.067847
10 0.192188 0.616521 0.158469 0.233181
10 0.103828 0.524333 0.154312 0.178611
10 0.212930 0.432896 0.103703 0.137319
10 0.266855 0.470576 0.146852 0.147486
6 0.402090 0.408556 0.082133 0.100139
9 0.938117 0.824417 0.123766 0.241889
7 0.695367 0.610542 0.048125 0.138639
11 0.825207 0.596604 0.105367 0.196014
10 0.235328 0.686507 0.151828 0.299403
1 0.252754 0.929868 0.029039 0.084069
1 0.222887 0.876847 0.029039 0.083917
0 0.953391 0.672493 0.034844 0.091458
0 0.907758 0.640118 0.028203 0.079486
