3 0.156980 0.733500 0.078852 0.096722
3 0.262824 0.930764 0.084977 0.138472
3 0.325352 0.820181 0.065391 0.125361
3 0.523227 0.871319 0.066359 0.187361
3 0.342406 0.942083 0.074344 0.115833
3 0.202586 0.896465 0.067328 0.151819
3 0.135313 0.931111 0.072656 0.137778
3 0.075469 0.922361 0.081406 0.155278
3 0.199047 0.760618 0.073781 0.108181
3 0.194273 0.646236 0.082078 0.087750
3 0.271332 0.658715 0.057805 0.087708
3 0.315629 0.577160 0.055930 0.083208
3 0.753008 0.839340 0.069297 0.150069
3 0.732633 0.681917 0.056609 0.116056
3 0.661699 0.545215 0.048789 0.105708
5 0.316016 0.677840 0.050938 0.143181
4 0.263695 0.757507 0.051141 0.124736
4 0.270828 0.571819 0.050219 0.091694
3 0.368867 0.568451 0.086953 0.115792
10 0.403945 0.373701 0.116016 0.117319
10 0.113098 0.530389 0.143961 0.160778
3 0.216172 0.479514 0.044219 0.054306
5 0.292148 0.460347 0.033672 0.057083
5 0.403496 0.468750 0.057383 0.068333
10 0.800988 0.607222 0.143961 0.260278
