1 0.859535 0.778687 0.065258 0.093764
3 0.824672 0.687299 0.093875 0.133514
3 0.782195 0.585583 0.064391 0.108083
3 0.686547 0.594319 0.059000 0.096972
3 0.195738 0.773924 0.089398 0.144625
3 0.088008 0.796965 0.120687 0.130319
3 0.181430 0.690479 0.082250 0.095347
3 0.248930 0.672201 0.083141 0.103319
3 0.392426 0.914576 0.089383 0.152569
3 0.525176 0.874847 0.081352 0.197083
9 0.321344 0.620556 0.052750 0.127222
9 0.236859 0.589556 0.057219 0.100139
5 0.103203 0.900271 0.102813 0.187542
0 0.178305 0.954903 0.052750 0.090194
0 0.175176 0.865306 0.048273 0.089000
0 0.324918 0.803319 0.047383 0.111250
2 0.285125 0.821597 0.050094 0.122361
4 0.263234 0.730215 0.081359 0.133514
12 0.334309 0.924910 0.092977 0.138264
