3 0.656000 0.426257 0.036500 0.056042
3 0.469344 0.432889 0.038187 0.057528
3 0.681305 0.543514 0.062219 0.078167
10 0.273117 0.710910 0.112000 0.297931
10 0.137043 0.811208 0.176742 0.353972
10 0.255285 0.550146 0.174227 0.200597
10 0.433656 0.392333 0.112828 0.138639
10 0.103457 0.522125 0.149336 0.182889
10 0.209648 0.430681 0.102875 0.138639
6 0.792477 0.879056 0.093750 0.218278
6 0.927297 0.668146 0.137719 0.247792
9 0.737723 0.654868 0.083789 0.185847
3 0.524090 0.880528 0.071352 0.200583
3 0.830227 0.671826 0.053094 0.110625
3 0.667617 0.599556 0.043141 0.101778
3 0.506250 0.406340 0.030703 0.042764
2 0.847648 0.495576 0.028203 0.058986
2 0.358570 0.448382 0.025719 0.067847
1 0.299254 0.901181 0.024883 0.079639
1 0.313359 0.861361 0.024891 0.073750
1 0.916926 0.792035 0.032352 0.088486
1 0.866730 0.757375 0.029867 0.072278
1 0.819027 0.722715 0.024055 0.079653
1 0.797871 0.593660 0.023227 0.066375
0 0.378898 0.496313 0.019906 0.066375
0 0.923145 0.926250 0.046461 0.103250
0 0.807414 0.455021 0.025719 0.069319
0 0.352352 0.912979 0.043141 0.094403
