3 0.703125 0.875375 0.053203 0.147139
3 0.736484 0.956458 0.060813 0.087083
3 0.661016 0.620396 0.041188 0.093208
3 0.664332 0.503125 0.042727 0.050861
3 0.640555 0.460854 0.037531 0.054819
3 0.708477 0.505688 0.032672 0.044875
3 0.492098 0.457319 0.036586 0.045361
3 0.465875 0.434132 0.036906 0.033403
3 0.450520 0.471069 0.039898 0.049972
3 0.410789 0.476542 0.049797 0.063556
3 0.375043 0.515132 0.057445 0.072625
4 0.840980 0.843986 0.034914 0.115583
4 0.871082 0.915688 0.063805 0.151958
11 0.778980 0.833285 0.072242 0.265403
11 0.722996 0.689882 0.075852 0.192625
10 0.948465 0.810375 0.097086 0.365750
2 0.660758 0.548236 0.031438 0.062528
1 0.679617 0.972771 0.031438 0.054458
1 0.623102 0.571021 0.031438 0.054458
