3 0.728633 0.569292 0.042266 0.076417
3 0.290391 0.652653 0.073750 0.086083
3 0.479535 0.438194 0.041711 0.049167
10 0.858594 0.778833 0.138437 0.417111
3 0.170781 0.934146 0.089688 0.126069
1 0.690367 0.664278 0.048328 0.091444
3 0.430043 0.467250 0.052430 0.055750
2 0.523125 0.872639 0.070625 0.191389
3 0.720059 0.940694 0.065664 0.118611
3 0.700582 0.782014 0.060555 0.139583
3 0.732617 0.643056 0.050859 0.099722
3 0.675352 0.590632 0.045391 0.088458
10 0.626012 0.314236 0.033633 0.096528
3 0.294527 0.734458 0.059227 0.094194
4 0.685285 0.502167 0.048070 0.092889
4 0.728000 0.493507 0.041031 0.086597
1 0.130551 0.862986 0.027805 0.078194
0 0.171824 0.801542 0.029305 0.076139
1 0.257000 0.827986 0.027563 0.079861
0 0.360586 0.895972 0.044687 0.111389
0 0.777344 0.672431 0.031250 0.089028
4 0.773320 0.590486 0.039766 0.089583
2 0.764883 0.889792 0.050078 0.126806
2 0.632074 0.471042 0.025539 0.058750
9 0.677371 0.349583 0.046195 0.124167
10 0.423852 0.403889 0.098234 0.123889
10 0.316922 0.489514 0.149000 0.173194
3 0.248742 0.942569 0.077641 0.114861
3 0.228777 0.770278 0.073648 0.119444
