0 0.805754 0.519910 0.030695 0.072264
10 0.870465 0.842924 0.211555 0.314153
10 0.151160 0.618736 0.209898 0.225667
10 0.440707 0.384222 0.103711 0.122417
10 0.289715 0.429938 0.088773 0.128319
10 0.105949 0.516958 0.157633 0.166667
10 0.205504 0.431417 0.101211 0.125361
6 0.314176 0.529493 0.106180 0.174042
6 0.361059 0.396014 0.063883 0.107667
7 0.387609 0.470500 0.040656 0.079639
3 0.132910 0.849556 0.080477 0.132750
3 0.176883 0.896750 0.068859 0.150444
3 0.267312 0.800889 0.058906 0.123889
3 0.257355 0.722715 0.080477 0.115042
3 0.526164 0.884222 0.067203 0.199111
5 0.508324 0.404868 0.031523 0.063431
5 0.346543 0.571535 0.069695 0.092931
2 0.271461 0.636431 0.048953 0.069333
2 0.418309 0.481563 0.024055 0.072264
2 0.920656 0.642333 0.058078 0.119472
2 0.871711 0.623896 0.033188 0.073736
7 0.413332 0.946160 0.107023 0.098819
0 0.303398 0.886431 0.043141 0.100306
0 0.254867 0.869465 0.042313 0.098819
0 0.343641 0.814896 0.048953 0.104708
0 0.320410 0.696903 0.035680 0.089972
0 0.175223 0.687319 0.037336 0.088500
0 0.966289 0.783924 0.051437 0.122431
0 0.847234 0.632743 0.027375 0.085542
0 0.825664 0.570056 0.030703 0.063417
