0 0.882035 0.758188 0.038164 0.103236
0 0.786629 0.543583 0.018258 0.075222
0 0.848023 0.540556 0.023234 0.063278
0 0.197992 0.626035 0.025719 0.069319
0 0.232012 0.566444 0.029039 0.061944
0 0.183891 0.598083 0.034016 0.066528
0 0.205879 0.538417 0.029867 0.059000
0 0.245285 0.467556 0.024055 0.056194
0 0.311656 0.429278 0.025719 0.050139
7 0.362680 0.446167 0.031531 0.066222
1 0.913980 0.905604 0.035680 0.103403
1 0.677531 0.471160 0.019078 0.084069
3 0.523629 0.880528 0.064711 0.185694
3 0.341523 0.629056 0.057250 0.083917
3 0.394207 0.533264 0.058070 0.075222
10 0.088480 0.820799 0.168414 0.340847
10 0.104246 0.515562 0.150164 0.163708
10 0.209195 0.429132 0.097891 0.129792
