3 0.119652 0.875944 0.068617 0.137472
3 0.316848 0.839861 0.081195 0.137472
3 0.397547 0.931111 0.086031 0.137778
3 0.520297 0.873333 0.068625 0.194167
3 0.161898 0.761903 0.076984 0.110750
3 0.295109 0.709194 0.067750 0.109222
3 0.681863 0.818333 0.059398 0.152222
3 0.700246 0.576243 0.051852 0.086931
3 0.707766 0.519076 0.044312 0.070653
9 0.774563 0.905451 0.077688 0.189097
3 0.480148 0.468653 0.044313 0.060278
3 0.415414 0.488653 0.051828 0.060278
11 0.776234 0.725521 0.119453 0.239097
9 0.908410 0.808847 0.182664 0.378861
6 0.215953 0.605611 0.155594 0.200111
3 0.656152 0.583243 0.045430 0.092958
4 0.922266 0.666465 0.062187 0.092931
2 0.264059 0.945569 0.069070 0.108861
2 0.339609 0.621236 0.037344 0.090806
1 0.697688 0.693972 0.030328 0.083444
1 0.330559 0.736500 0.030320 0.083444
10 0.425848 0.386924 0.108148 0.134958
4 0.339109 0.538167 0.053500 0.081889
4 0.633309 0.474396 0.031664 0.078514
