0 0.952176 0.768132 0.055711 0.103542
11 0.785055 0.801889 0.086094 0.252083
11 0.710355 0.671340 0.068367 0.198069
11 0.961035 0.673590 0.073430 0.121542
3 0.306430 0.673229 0.064547 0.096736
3 0.351355 0.584361 0.050617 0.076500
3 0.223543 0.968785 0.065805 0.062431
3 0.473473 0.442625 0.031633 0.067500
3 0.503211 0.415632 0.022781 0.049486
3 0.627203 0.421681 0.031516 0.056028
3 0.660410 0.620812 0.034883 0.098097
3 0.696426 0.852896 0.046148 0.138069
3 0.736422 0.936569 0.067734 0.120417
3 0.771316 0.554472 0.039039 0.069389
3 0.731797 0.505896 0.034156 0.055514
3 0.796637 0.691271 0.057336 0.095764
0 0.904441 0.643500 0.044352 0.097722
1 0.669336 0.957292 0.031328 0.085417
0 0.586367 0.451250 0.021172 0.055556
0 0.629484 0.520264 0.021172 0.055556
0 0.626250 0.578722 0.021172 0.055556
4 0.324336 0.521271 0.096062 0.108514
