0 0.946754 0.695354 0.029867 0.084069
0 0.783727 0.579576 0.024063 0.064903
0 0.855492 0.573750 0.026547 0.053250
10 0.492520 0.390118 0.088773 0.113708
10 0.393387 0.470500 0.111148 0.165333
10 0.335719 0.465340 0.128594 0.175653
10 0.229125 0.592924 0.152625 0.233181
10 0.101758 0.524257 0.151828 0.190264
10 0.209195 0.431417 0.101219 0.131111
6 0.261047 0.863569 0.112000 0.249417
6 0.854660 0.876028 0.094586 0.241889
3 0.165223 0.841444 0.064711 0.131417
3 0.152777 0.750813 0.081305 0.109153
3 0.300457 0.737465 0.048117 0.091292
3 0.331566 0.830458 0.082133 0.112083
3 0.430297 0.941736 0.092094 0.110472
3 0.525707 0.876771 0.070523 0.196153
3 0.734363 0.743361 0.056414 0.120806
3 0.803637 0.659958 0.068867 0.095861
3 0.468875 0.479347 0.044797 0.053250
3 0.497910 0.447715 0.038164 0.048681
5 0.334887 0.556708 0.058898 0.078167
5 0.049902 0.890854 0.096242 0.174181
2 0.259391 0.671097 0.035672 0.094250
2 0.339453 0.894465 0.051438 0.095875
2 0.360605 0.957889 0.055586 0.078167
1 0.726480 0.669618 0.019086 0.055903
1 0.702004 0.463868 0.013273 0.039681
0 0.648492 0.834069 0.037328 0.116667
0 0.909414 0.671097 0.024891 0.094250
0 0.827281 0.491153 0.026547 0.056194
0 0.782066 0.482299 0.024055 0.053236
0 0.227863 0.687389 0.032352 0.070806
0 0.300457 0.659951 0.029867 0.069319
0 0.387984 0.551549 0.025719 0.061958
