2 0.522809 0.871743 0.072648 0.192569
2 0.750000 0.926201 0.085313 0.147597
11 0.724039 0.771799 0.070891 0.169153
12 0.659422 0.762069 0.036031 0.113361
3 0.689691 0.599056 0.056898 0.138250
9 0.817512 0.772313 0.190117 0.391319
2 0.256809 0.908278 0.083883 0.183444
9 0.246051 0.643403 0.140352 0.257639
12 0.335855 0.889021 0.036727 0.113319
12 0.350445 0.805639 0.036031 0.101278
12 0.275805 0.755375 0.034578 0.115917
12 0.351867 0.596104 0.028922 0.085542
12 0.325547 0.661167 0.030313 0.090667
2 0.486305 0.469424 0.046969 0.070236
2 0.462633 0.445687 0.048078 0.047486
9 0.353219 0.466160 0.138875 0.151486
3 0.511801 0.391090 0.039680 0.064681
2 0.564715 0.469451 0.034789 0.069458
