3 0.735187 0.778687 0.059734 0.135681
3 0.824793 0.666007 0.081305 0.116514
3 0.525293 0.880458 0.063055 0.182889
3 0.477586 0.445431 0.037328 0.053250
3 0.425316 0.460181 0.037336 0.041444
3 0.351066 0.600222 0.071352 0.070806
3 0.266441 0.637979 0.063055 0.081125
3 0.309168 0.670278 0.073836 0.089972
3 0.208777 0.713938 0.072180 0.109153
3 0.238234 0.793583 0.068031 0.132750
3 0.145727 0.857597 0.067203 0.122417
3 0.327832 0.769917 0.073008 0.094250
5 0.415777 0.523674 0.069695 0.085542
9 0.868762 0.848083 0.147680 0.253833
0 0.272246 0.836285 0.038164 0.121097
0 0.308340 0.907889 0.047289 0.116528
0 0.350234 0.914528 0.041484 0.103250
0 0.367242 0.851694 0.045625 0.104722
0 0.421586 0.876847 0.051437 0.110472
0 0.305020 0.803910 0.038992 0.085542
0 0.966664 0.685104 0.041484 0.090125
0 0.357703 0.524410 0.026547 0.063431
11 0.750953 0.491153 0.087937 0.141444
1 0.935137 0.776549 0.039820 0.096014
1 0.780820 0.761729 0.023234 0.095875
1 0.789117 0.704937 0.024891 0.067847
1 0.780406 0.604715 0.024063 0.055903
1 0.230766 0.617333 0.023234 0.060472
1 0.319539 0.566299 0.026547 0.058986
10 0.090555 0.685104 0.177547 0.273014
10 0.104660 0.541299 0.160945 0.212542
10 0.207539 0.438056 0.092922 0.144389
10 0.300457 0.507299 0.141039 0.176986
10 0.397527 0.435840 0.097898 0.175375
