3 0.287523 0.808354 0.045844 0.132597
3 0.319000 0.706167 0.045844 0.105833
5 0.220121 0.926965 0.052008 0.138681
2 0.241672 0.691569 0.056797 0.108278
3 0.699133 0.839986 0.057484 0.144778
5 0.697422 0.688521 0.044484 0.097319
10 0.661465 0.494486 0.076711 0.159361
3 0.791824 0.798014 0.059602 0.102194
5 0.818855 0.669667 0.083555 0.088806
5 0.356980 0.917257 0.053383 0.165486
2 0.307023 0.454944 0.030109 0.048667
2 0.377852 0.409937 0.018469 0.046236
3 0.751824 0.690354 0.045164 0.103403
3 0.855496 0.799229 0.071852 0.121653
2 0.902715 0.778549 0.054055 0.104625
3 0.871918 0.656285 0.071852 0.098542
3 0.821625 0.592417 0.041062 0.077861
