4 0.647055 0.524868 0.045422 0.092958
4 0.683246 0.656313 0.055398 0.120681
3 0.396035 0.927153 0.089461 0.145694
3 0.311363 0.836542 0.077742 0.145694
3 0.105262 0.950243 0.077742 0.099514
3 0.134750 0.826583 0.077750 0.145694
3 0.520207 0.869764 0.072445 0.197306
3 0.689961 0.914750 0.065859 0.168389
3 0.736160 0.673125 0.057836 0.112917
3 0.727676 0.584021 0.048242 0.091931
3 0.194730 0.716333 0.080695 0.099889
3 0.326320 0.652153 0.063766 0.097083
1 0.256777 0.925965 0.060195 0.129819
1 0.369551 0.558958 0.041055 0.084028
11 0.055992 0.765375 0.097156 0.136306
1 0.734184 0.844618 0.031180 0.114792
1 0.318813 0.708389 0.026906 0.073778
1 0.333242 0.556743 0.031172 0.075153
1 0.246664 0.605542 0.031828 0.077472
6 0.296250 0.514167 0.116719 0.151111
10 0.163121 0.591007 0.175617 0.232569
10 0.800336 0.580986 0.123687 0.240556
10 0.908398 0.812646 0.183203 0.374708
