0 0.037461 0.927660 0.041484 0.115042
4 0.698270 0.573743 0.045633 0.079792
1 0.700762 0.702875 0.027383 0.087028
1 0.822719 0.603910 0.019078 0.072264
1 0.652227 0.564160 0.019906 0.063264
1 0.466387 0.457153 0.019914 0.050139
1 0.429469 0.425444 0.015766 0.039833
1 0.372637 0.564236 0.021570 0.048667
1 0.497500 0.428465 0.015766 0.045875
0 0.258559 0.937389 0.035680 0.087028
3 0.194676 0.936653 0.067195 0.106194
0 0.251922 0.708701 0.037328 0.075375
0 0.331980 0.623083 0.029867 0.084083
0 0.791191 0.553021 0.024055 0.064903
0 0.812348 0.537681 0.019914 0.063417
0 0.772109 0.494917 0.017422 0.060472
3 0.239477 0.804576 0.082141 0.110764
3 0.524461 0.876104 0.068031 0.191597
3 0.828527 0.813354 0.063883 0.128319
3 0.473852 0.428396 0.036500 0.039819
10 0.166469 0.669618 0.244750 0.262681
10 0.258145 0.500736 0.131086 0.137306
10 0.308340 0.415854 0.131914 0.109153
10 0.210023 0.429938 0.102875 0.134069
6 0.845117 0.505972 0.075500 0.171083
