9 0.162160 0.825076 0.066836 0.132014
3 0.520453 0.877896 0.077969 0.191431
10 0.771055 0.717778 0.133672 0.356389
7 0.331559 0.794556 0.108602 0.295389
10 0.381234 0.474451 0.109500 0.160014
10 0.196484 0.564382 0.183750 0.188181
3 0.135703 0.948847 0.065906 0.102306
3 0.210426 0.894389 0.074258 0.105611
3 0.235953 0.649340 0.058484 0.087458
3 0.328309 0.586632 0.076117 0.067653
3 0.063770 0.943069 0.094680 0.113861
0 0.899164 0.953792 0.033422 0.092417
0 0.281438 0.943896 0.043625 0.112208
0 0.260551 0.911715 0.044555 0.110569
0 0.237355 0.790431 0.035289 0.092417
0 0.257301 0.743403 0.039914 0.094056
1 0.681035 0.693069 0.024133 0.072611
2 0.860645 0.709576 0.041773 0.095708
