2 0.365324 0.555708 0.068414 0.072528
2 0.523484 0.874521 0.069141 0.196653
4 0.273629 0.864326 0.069930 0.182264
2 0.681832 0.682514 0.053039 0.115028
12 0.321711 0.785632 0.035484 0.115681
12 0.181680 0.692792 0.049922 0.120111
0 0.357703 0.793326 0.027719 0.088069
3 0.787797 0.908958 0.109031 0.178083
2 0.280016 0.745951 0.063250 0.110514
2 0.318398 0.658062 0.071797 0.089181
2 0.271910 0.620132 0.079461 0.101375
2 0.649746 0.502625 0.043633 0.081639
9 0.198164 0.614097 0.158984 0.205417
9 0.319262 0.494174 0.114602 0.137264
9 0.429711 0.385875 0.100109 0.125083
2 0.494488 0.462208 0.041961 0.055250
11 0.425387 0.485132 0.063133 0.085042
9 0.800977 0.744111 0.190078 0.396611
1 0.679207 0.586611 0.036383 0.075667
