3 0.462891 0.481611 0.051562 0.049000
10 0.335219 0.408049 0.114250 0.119042
10 0.239336 0.568194 0.187891 0.218889
1 0.113199 0.822049 0.028586 0.089653
2 0.281918 0.914236 0.061805 0.138750
10 0.676602 0.459653 0.078047 0.184861
3 0.509188 0.398243 0.038031 0.057875
3 0.496203 0.446889 0.047438 0.057111
10 0.885742 0.838958 0.228516 0.322083
3 0.523687 0.873111 0.069188 0.195694
3 0.717812 0.793361 0.075156 0.130778
3 0.696445 0.660583 0.048984 0.111806
3 0.283293 0.800396 0.057367 0.123847
3 0.293359 0.707167 0.075469 0.102111
3 0.237855 0.687403 0.077570 0.101472
3 0.369215 0.522271 0.057336 0.074625
9 0.315297 0.586743 0.079406 0.120431
11 0.184805 0.777153 0.099766 0.239861
1 0.104832 0.907694 0.038680 0.101000
10 0.189207 0.502882 0.173883 0.173542
10 0.785172 0.588285 0.158875 0.241014
