9 0.819949 0.768826 0.190117 0.391319
2 0.523016 0.872340 0.072187 0.194292
2 0.746590 0.918486 0.083383 0.163028
2 0.716008 0.559625 0.043141 0.085361
3 0.674555 0.534514 0.046672 0.113472
11 0.715734 0.741424 0.065875 0.165597
2 0.656680 0.407264 0.033516 0.053694
2 0.566219 0.470104 0.033188 0.074653
2 0.491230 0.465729 0.041758 0.058125
2 0.507734 0.418292 0.032813 0.049361
2 0.450508 0.437896 0.044922 0.056903
2 0.277773 0.817229 0.062078 0.126375
12 0.382031 0.826764 0.037312 0.122778
12 0.344207 0.827875 0.033883 0.107306
0 0.296820 0.872917 0.030344 0.095278
0 0.315180 0.838868 0.030344 0.094125
9 0.191734 0.751500 0.151734 0.324222
3 0.320066 0.643806 0.068305 0.130722
1 0.306012 0.718743 0.046555 0.080542
9 0.378723 0.501389 0.108805 0.154444
9 0.102582 0.677215 0.204680 0.262097
