1 0.700391 0.644542 0.025719 0.076694
2 0.509570 0.415931 0.017422 0.064889
1 0.250301 0.859146 0.029867 0.081125
1 0.409598 0.910028 0.036508 0.088500
1 0.342395 0.784667 0.026555 0.061944
10 0.058242 0.824479 0.113656 0.339236
10 0.101383 0.520646 0.153484 0.176986
10 0.206750 0.429201 0.103703 0.126847
10 0.316676 0.496313 0.139383 0.160764
10 0.449832 0.376104 0.090430 0.100292
6 0.450664 0.427694 0.093750 0.091500
7 0.185180 0.843660 0.060563 0.132736
3 0.525746 0.879799 0.069695 0.187319
3 0.314187 0.859146 0.073016 0.125375
3 0.302156 0.743368 0.048953 0.100292
3 0.332441 0.643069 0.071352 0.106194
3 0.805336 0.674778 0.074672 0.140111
2 0.293449 0.939528 0.054758 0.112083
2 0.233297 0.738937 0.042312 0.100292
2 0.250719 0.594396 0.027375 0.082597
2 0.926883 0.896021 0.085453 0.187319
2 0.917340 0.646014 0.063055 0.120944
0 0.138719 0.845868 0.035672 0.098819
0 0.166926 0.741146 0.032352 0.066375
0 0.218363 0.644542 0.030695 0.073750
0 0.686281 0.514750 0.035672 0.064889
0 0.913191 0.714604 0.039820 0.087014
