10 0.092672 0.699854 0.139375 0.296458
3 0.514547 0.396021 0.025719 0.054569
5 0.701633 0.488937 0.041484 0.092931
2 0.332027 0.649701 0.038992 0.084069
2 0.338660 0.602514 0.037336 0.060472
2 0.871293 0.801625 0.048945 0.110611
2 0.963383 0.726403 0.067203 0.134222
0 0.627793 0.562681 0.019914 0.060472
10 0.103457 0.517694 0.157633 0.168139
10 0.205504 0.432153 0.101211 0.123889
10 0.444445 0.392333 0.096234 0.118000
6 0.145770 0.869465 0.114492 0.249264
7 0.256527 0.856938 0.088773 0.218292
4 0.352352 0.865069 0.087938 0.145972
4 0.690020 0.568583 0.038164 0.087028
7 0.281414 0.488201 0.034016 0.061958
3 0.276852 0.749257 0.044797 0.097347
3 0.525332 0.877583 0.063883 0.200583
3 0.275195 0.603979 0.061391 0.081125
3 0.396734 0.509583 0.052266 0.057528
3 0.478457 0.444687 0.034852 0.054569
0 0.824008 0.597340 0.034016 0.082597
0 0.865074 0.605458 0.028211 0.057528
0 0.777973 0.443215 0.018273 0.039819
0 0.314187 0.503687 0.023234 0.066375
0 0.245738 0.518437 0.020742 0.066375
0 0.209238 0.530972 0.032352 0.059000
1 0.033766 0.912979 0.051438 0.082597
1 0.211313 0.688792 0.026547 0.070806
1 0.313773 0.690264 0.019078 0.070806
1 0.337832 0.548674 0.019086 0.064903
1 0.509984 0.436576 0.018250 0.050153
