3 0.525289 0.876028 0.066375 0.179944
7 0.231180 0.645201 0.048953 0.098819
11 0.196336 0.852583 0.138547 0.286139
10 0.382590 0.448375 0.107852 0.147639
10 0.706984 0.412243 0.069687 0.154708
1 0.282621 0.654792 0.022398 0.059000
1 0.302117 0.489597 0.016594 0.047194
4 0.328250 0.935104 0.093750 0.123736
0 0.155266 0.706417 0.033187 0.070806
0 0.320785 0.654792 0.029039 0.070806
0 0.277641 0.588569 0.029031 0.070806
0 0.237406 0.541368 0.024891 0.064903
0 0.805297 0.941736 0.045625 0.110472
0 0.766305 0.770576 0.035672 0.113569
0 0.894066 0.709438 0.040648 0.100153
0 0.940527 0.720500 0.029039 0.089833
0 0.865031 0.594465 0.029031 0.082597
2 0.106316 0.772861 0.038164 0.097500
2 0.210027 0.592257 0.029867 0.078181
2 0.796168 0.567924 0.030695 0.070792
2 0.859223 0.503687 0.040648 0.087181
