3 0.127531 0.948271 0.100422 0.097597
3 0.237754 0.861861 0.070867 0.144306
3 0.289703 0.721479 0.072469 0.098792
3 0.339801 0.614417 0.056430 0.100306
3 0.270316 0.622653 0.038742 0.074861
3 0.469695 0.460958 0.041750 0.061556
3 0.502793 0.432903 0.026477 0.041639
3 0.699957 0.849063 0.055711 0.132042
3 0.741738 0.947222 0.064992 0.105556
3 0.786410 0.649757 0.049742 0.059542
3 0.654469 0.625417 0.057844 0.101111
3 0.765602 0.527056 0.028422 0.055944
2 0.940770 0.750201 0.066117 0.088736
1 0.838445 0.948771 0.036187 0.095403
1 0.669363 0.947674 0.036195 0.095403
1 0.622188 0.551250 0.019062 0.058333
0 0.884270 0.680771 0.036195 0.095403
1 0.604648 0.443194 0.020234 0.066944
11 0.777406 0.807694 0.067203 0.255778
11 0.708484 0.685931 0.062031 0.211361
4 0.288293 0.536333 0.091820 0.102028
10 0.825328 0.529417 0.065328 0.174750
4 0.762801 0.471347 0.023648 0.060833
