6 0.283863 0.612167 0.079648 0.200583
6 0.430293 0.388715 0.080477 0.092931
3 0.195094 0.927729 0.076328 0.123736
3 0.523215 0.876181 0.063883 0.182889
3 0.771695 0.750736 0.059734 0.127000
10 0.206293 0.547125 0.070523 0.177000
10 0.314973 0.449188 0.141867 0.146014
10 0.209195 0.430681 0.096234 0.123750
10 0.100926 0.517701 0.151820 0.165347
6 0.117918 0.740417 0.230680 0.280083
3 0.842215 0.752285 0.064711 0.138653
3 0.735191 0.533924 0.044805 0.076542
3 0.452699 0.461722 0.045633 0.061944
3 0.506211 0.398153 0.041484 0.047194
7 0.776258 0.610549 0.065547 0.117986
2 0.331984 0.871681 0.051438 0.129944
0 0.228277 0.736799 0.034852 0.081125
0 0.283035 0.742549 0.029867 0.084069
0 0.319535 0.755972 0.029867 0.092917
0 0.439836 0.914451 0.034844 0.117847
0 0.894484 0.924854 0.041484 0.129792
0 0.955047 0.783187 0.039828 0.103403
0 0.958367 0.707965 0.033188 0.100153
0 0.811934 0.553833 0.029039 0.069167
0 0.840555 0.481493 0.023234 0.072264
0 0.790777 0.459368 0.026555 0.048681
0 0.322027 0.691076 0.019914 0.084069
1 0.139922 0.923306 0.027375 0.079500
1 0.409555 0.444618 0.015766 0.036875
1 0.704910 0.673236 0.024055 0.075222
