0 0.833547 0.533924 0.024891 0.061958
0 0.830227 0.906340 0.046453 0.125375
0 0.257773 0.955757 0.049781 0.067847
0 0.433656 0.458701 0.023234 0.070792
0 0.181859 0.818583 0.042313 0.094389
1 0.738965 0.836285 0.029867 0.094403
1 0.750164 0.595132 0.024063 0.066375
7 0.296352 0.544986 0.042313 0.087028
2 0.212559 0.885687 0.047289 0.113569
2 0.267312 0.714604 0.042313 0.095875
2 0.409184 0.524333 0.038992 0.060472
2 0.475969 0.457222 0.031531 0.059000
2 0.922316 0.651917 0.061398 0.126833
3 0.347789 0.919611 0.095406 0.137167
3 0.524086 0.876847 0.068031 0.181417
3 0.286809 0.817111 0.058070 0.132750
3 0.326633 0.637167 0.068031 0.091444
5 0.100551 0.915931 0.082133 0.162250
10 0.105117 0.520646 0.154313 0.174042
10 0.156969 0.640861 0.198281 0.228611
10 0.205922 0.430681 0.102047 0.132750
10 0.363137 0.459444 0.126102 0.151917
6 0.176469 0.713868 0.195797 0.233042
