5 0.634453 0.346333 0.034281 0.053333
3 0.318789 0.313319 0.020000 0.030472
3 0.791211 0.485986 0.029281 0.060944
3 0.400563 0.296812 0.019281 0.033014
10 0.548395 0.327924 0.046414 0.090153
2 0.159176 0.684049 0.040711 0.076181
2 0.267371 0.571688 0.028570 0.054597
2 0.295223 0.522813 0.038570 0.053319
2 0.360570 0.462500 0.026422 0.057139
2 0.392707 0.448542 0.019289 0.046972
2 0.390207 0.367278 0.018570 0.044444
2 0.316648 0.383785 0.017141 0.039347
2 0.714082 0.444729 0.027852 0.059681
2 0.880840 0.555819 0.035711 0.063472
2 0.939398 0.789431 0.054281 0.099028
2 0.925473 0.649132 0.044992 0.079986
1 0.331648 0.534868 0.017141 0.049514
