2 0.354383 0.463868 0.024891 0.060319
2 0.330738 0.407743 0.019086 0.039819
0 0.176426 0.923236 0.065539 0.106194
0 0.300043 0.687243 0.030695 0.082597
0 0.269344 0.656417 0.027375 0.091444
0 0.362680 0.549333 0.023234 0.063417
0 0.883285 0.645208 0.030695 0.078167
0 0.814422 0.620868 0.029031 0.085542
0 0.874984 0.551549 0.027375 0.067847
0 0.791609 0.471979 0.024891 0.055903
0 0.803223 0.440271 0.023227 0.048819
0 0.965832 0.645208 0.034852 0.078167
0 0.391305 0.383486 0.015766 0.035250
0 0.117105 0.635694 0.038164 0.059139
1 0.233254 0.727208 0.023227 0.061944
1 0.473852 0.470500 0.019906 0.052944
1 0.402918 0.432812 0.017430 0.036875
1 0.575070 0.491889 0.016594 0.045861
1 0.648078 0.536944 0.016594 0.061944
1 0.609500 0.435764 0.014109 0.048667
1 0.792852 0.577431 0.019078 0.063278
4 0.750543 0.759583 0.055586 0.129944
7 0.319121 0.569389 0.047289 0.106194
3 0.527363 0.878243 0.070523 0.190264
3 0.261879 0.808333 0.062227 0.109139
3 0.237820 0.646833 0.052266 0.092917
3 0.301289 0.509583 0.034844 0.063278
3 0.485883 0.427806 0.030703 0.047194
3 0.515332 0.395354 0.029867 0.044236
3 0.638121 0.390931 0.023227 0.044250
5 0.424488 0.513201 0.052273 0.088486
10 0.165215 0.505236 0.068008 0.163722
10 0.451863 0.393806 0.072180 0.117833
10 0.711961 0.519833 0.082969 0.210917
