2 0.219195 0.646757 0.034016 0.084069
2 0.207992 0.759590 0.048125 0.097347
2 0.250305 0.690264 0.041484 0.085556
0 0.873371 0.920354 0.048117 0.144542
0 0.967949 0.654868 0.029867 0.082597
0 0.343227 0.819319 0.033188 0.089972
0 0.327047 0.951326 0.035672 0.088486
0 0.307551 0.765486 0.031523 0.088500
0 0.143695 0.924778 0.043969 0.115056
0 0.266070 0.630528 0.026547 0.078167
0 0.371848 0.537611 0.030695 0.069333
0 0.388023 0.486722 0.024891 0.059000
2 0.918168 0.650444 0.063055 0.123889
3 0.527820 0.874632 0.065547 0.185847
3 0.253207 0.932889 0.088773 0.122417
3 0.487586 0.441000 0.033188 0.059000
3 0.512473 0.401917 0.031523 0.042778
7 0.300496 0.668146 0.047289 0.115042
3 0.258184 0.801618 0.055586 0.113569
10 0.100555 0.516958 0.153484 0.166667
10 0.206332 0.435104 0.106195 0.123903
10 0.298836 0.513278 0.170078 0.168139
10 0.729008 0.476403 0.092922 0.182889
6 0.402547 0.410771 0.075500 0.110625
