10 0.872914 0.805382 0.187500 0.374625
10 0.149875 0.770729 0.203266 0.340708
10 0.237816 0.571458 0.191648 0.169611
10 0.098023 0.520729 0.151000 0.174042
10 0.416191 0.454208 0.121961 0.168139
10 0.210027 0.432896 0.099555 0.137319
11 0.721086 0.809000 0.094578 0.260917
3 0.225375 0.826625 0.083797 0.122417
3 0.528609 0.882000 0.063047 0.191889
3 0.309586 0.765562 0.059734 0.117986
3 0.353555 0.616521 0.044797 0.082736
3 0.775012 0.616521 0.054758 0.103403
5 0.322855 0.861285 0.096242 0.156347
2 0.229937 0.885694 0.043141 0.116667
2 0.838898 0.573674 0.059734 0.112097
2 0.765059 0.747125 0.041477 0.107667
2 0.774188 0.501479 0.034844 0.062097
2 0.977938 0.699042 0.044125 0.085556
1 0.189695 0.906340 0.034016 0.090125
1 0.326594 0.690340 0.025719 0.070792
1 0.335719 0.574556 0.017422 0.057528
0 0.411629 0.907813 0.039820 0.093069
0 0.273906 0.666743 0.034844 0.103236
0 0.348160 0.540562 0.019086 0.066514
0 0.883699 0.649632 0.031523 0.075208
