3 0.738551 0.890854 0.080477 0.156347
3 0.694996 0.643806 0.054758 0.087028
3 0.318750 0.315632 0.024062 0.038347
5 0.637336 0.347340 0.032359 0.054569
10 0.347785 0.403396 0.045633 0.125375
10 0.366039 0.845875 0.113656 0.302361
2 0.166922 0.949118 0.060562 0.098819
2 0.163191 0.685840 0.048117 0.079653
2 0.333684 0.589229 0.035680 0.069319
2 0.313359 0.390118 0.018250 0.045736
2 0.387625 0.311958 0.020719 0.033917
2 0.640652 0.384215 0.020742 0.039819
2 0.754730 0.459444 0.028211 0.060472
2 0.823180 0.545000 0.027391 0.060556
2 0.861754 0.665924 0.036508 0.069319
