1 0.913977 0.897417 0.042313 0.101778
10 0.136602 0.829569 0.175062 0.299417
10 0.208367 0.438056 0.096234 0.138500
10 0.384250 0.378319 0.071344 0.110778
6 0.919371 0.641667 0.132742 0.238944
7 0.486711 0.402583 0.045625 0.064889
4 0.356875 0.907819 0.077984 0.157667
3 0.526121 0.876181 0.066367 0.182889
2 0.268930 0.727139 0.044797 0.097194
2 0.248191 0.635694 0.073008 0.106333
2 0.757176 0.915118 0.045633 0.137181
2 0.341109 0.620868 0.036500 0.085542
2 0.271004 0.466889 0.022398 0.051611
1 0.135773 0.633556 0.034016 0.051611
1 0.245281 0.814972 0.025719 0.075222
1 0.774598 0.472792 0.029039 0.048667
0 0.037871 0.802285 0.038992 0.088486
0 0.089727 0.787611 0.034844 0.097500
0 0.210027 0.567924 0.029867 0.064903
0 0.311242 0.453542 0.033188 0.060333
0 0.232840 0.471972 0.029039 0.050000
0 0.912320 0.732375 0.043969 0.092917
0 0.834332 0.617257 0.030695 0.086875
0 0.807785 0.564972 0.022398 0.064889
0 0.831430 0.549333 0.021578 0.063417
0 0.799902 0.483042 0.018258 0.069167
