0 0.262707 0.748604 0.030695 0.098819
0 0.941773 0.858410 0.039828 0.097486
0 0.929328 0.654062 0.039828 0.084069
0 0.860469 0.572201 0.033188 0.070792
0 0.823961 0.551694 0.024891 0.059000
0 0.799074 0.487389 0.029867 0.057528
0 0.377613 0.434368 0.026555 0.045875
0 0.355625 0.410104 0.017422 0.041292
5 0.769621 0.717549 0.070523 0.151764
2 0.956293 0.808264 0.047289 0.100444
2 0.864617 0.514014 0.044797 0.090111
3 0.522387 0.881340 0.067195 0.193208
3 0.302945 0.659292 0.049781 0.091306
4 0.362266 0.525069 0.057250 0.079500
1 0.204633 0.771389 0.027375 0.085694
1 0.466801 0.421903 0.019086 0.050139
1 0.713203 0.465340 0.015766 0.057375
1 0.835992 0.609222 0.019078 0.076694
1 0.890336 0.727951 0.028203 0.084069
10 0.176012 0.548007 0.132742 0.187319
10 0.208363 0.424111 0.099555 0.122417
