10 0.687758 0.615458 0.111203 0.269361
10 0.883445 0.730187 0.164922 0.344236
10 0.275898 0.573319 0.149141 0.215028
10 0.627742 0.461917 0.062797 0.179500
10 0.447363 0.378222 0.079023 0.107722
10 0.335313 0.433340 0.121094 0.111375
10 0.766891 0.546194 0.085125 0.178167
3 0.778109 0.822993 0.081281 0.142903
6 0.778711 0.682958 0.080578 0.196750
5 0.525387 0.879417 0.069305 0.193167
3 0.341422 0.606181 0.055594 0.069583
12 0.287359 0.670937 0.080594 0.148125
3 0.220910 0.740979 0.058492 0.107208
2 0.252648 0.792667 0.042672 0.104389
2 0.273246 0.884597 0.045070 0.129417
3 0.112203 0.842333 0.076125 0.128111
3 0.818531 0.492278 0.041219 0.069056
3 0.880754 0.577222 0.066461 0.092778
12 0.423824 0.460986 0.051883 0.085528
2 0.365266 0.505333 0.031188 0.058778
5 0.470883 0.444069 0.033125 0.071750
2 0.104180 0.675931 0.050391 0.079250
5 0.181168 0.928125 0.085164 0.143750
3 0.093887 0.957972 0.083164 0.084056
6 0.760992 0.328736 0.037859 0.075861
