0 0.975234 0.786479 0.040469 0.082403
0 0.943164 0.692847 0.026797 0.074306
2 0.978063 0.664340 0.043875 0.086514
2 0.155539 0.707083 0.045063 0.086528
1 0.666125 0.896361 0.045063 0.086528
1 0.626602 0.571715 0.021016 0.072319
3 0.278648 0.538319 0.039656 0.056083
3 0.488191 0.438701 0.035148 0.052319
3 0.628789 0.437375 0.029734 0.049667
3 0.658984 0.620035 0.039656 0.081708
3 0.700453 0.856340 0.046844 0.134625
4 0.811430 0.644951 0.045063 0.086514
1 0.939406 0.888521 0.045063 0.086514
1 0.669562 0.961146 0.045062 0.077708
0 0.109750 0.713187 0.045062 0.086514
0 0.067391 0.719299 0.045062 0.086514
0 0.022742 0.847514 0.045062 0.086528
11 0.784363 0.812806 0.070727 0.264472
11 0.712418 0.683819 0.065852 0.197278
