10 0.885812 0.794250 0.220687 0.382000
10 0.694578 0.441007 0.077156 0.162236
6 0.820270 0.467549 0.079648 0.147486
10 0.289715 0.463125 0.140211 0.162250
10 0.104699 0.516965 0.156805 0.172569
10 0.205918 0.432153 0.100383 0.135694
10 0.095992 0.714604 0.187500 0.275819
4 0.362723 0.558257 0.040648 0.087014
4 0.479285 0.441007 0.038164 0.064903
3 0.275609 0.896021 0.060563 0.131264
3 0.525332 0.882007 0.067195 0.191736
3 0.695824 0.625368 0.056414 0.123903
3 0.772148 0.629799 0.043141 0.100292
3 0.763023 0.544250 0.034844 0.079639
3 0.329121 0.644549 0.066367 0.082597
3 0.415820 0.466819 0.052266 0.060472
3 0.436148 0.497049 0.051438 0.053097
3 0.453570 0.430681 0.041484 0.044250
5 0.367285 0.504424 0.056414 0.073736
2 0.206746 0.767701 0.055586 0.095875
2 0.205086 0.700590 0.077156 0.106208
0 0.280586 0.758111 0.030703 0.079639
0 0.266484 0.691736 0.025719 0.076694
0 0.243664 0.645285 0.024891 0.066375
0 0.219191 0.627576 0.029039 0.069319
0 0.251547 0.577438 0.025719 0.066375
0 0.730672 0.918875 0.033188 0.103250
0 0.629453 0.565632 0.023234 0.072264
0 0.389270 0.432889 0.015758 0.048667
1 0.718637 0.829646 0.029039 0.092931
