3 0.317879 0.313500 0.021570 0.030972
3 0.595813 0.511139 0.041484 0.072278
3 0.519898 0.362757 0.029031 0.050153
3 0.477586 0.280236 0.022406 0.032306
5 0.638539 0.348083 0.034016 0.056194
10 0.348719 0.404868 0.043125 0.130542
2 0.396684 0.444667 0.021805 0.038500
2 0.039531 0.744181 0.058906 0.075222
2 0.160246 0.682965 0.043148 0.082597
2 0.314562 0.389458 0.018250 0.047194
2 0.692465 0.443215 0.024055 0.042931
2 0.562207 0.328979 0.022398 0.041292
2 0.806953 0.586285 0.034016 0.069458
2 0.927254 0.724924 0.043977 0.090125
2 0.917711 0.581194 0.033188 0.061944
3 0.729383 0.792847 0.074672 0.131278
