10 0.168223 0.753215 0.125664 0.330514
5 0.523859 0.880229 0.068438 0.190042
10 0.719004 0.778396 0.123867 0.403486
10 0.904863 0.778438 0.190273 0.374792
10 0.738379 0.593910 0.104805 0.252458
10 0.631406 0.416597 0.052813 0.144583
3 0.644422 0.557410 0.035812 0.073292
3 0.492344 0.445361 0.037219 0.044972
3 0.468648 0.477229 0.041828 0.044986
3 0.365434 0.530708 0.051648 0.059417
3 0.392141 0.422896 0.027719 0.043375
3 0.403805 0.461319 0.037219 0.044972
3 0.348961 0.495500 0.056203 0.053444
3 0.362141 0.458250 0.041938 0.044972
12 0.285902 0.593410 0.079617 0.133181
3 0.324758 0.665576 0.061531 0.098208
9 0.283715 0.736208 0.059289 0.120917
3 0.250469 0.872903 0.061953 0.139583
5 0.462547 0.426000 0.043766 0.058167
10 0.678187 0.372250 0.048781 0.123000
10 0.465207 0.370521 0.077555 0.108819
