10 0.161172 0.510556 0.175313 0.173889
10 0.315734 0.416111 0.111031 0.129167
3 0.521805 0.868819 0.075312 0.195694
11 0.207258 0.854306 0.136703 0.270278
9 0.276445 0.642458 0.081641 0.148806
3 0.286352 0.820021 0.064016 0.124486
3 0.281594 0.724868 0.079469 0.108903
12 0.107617 0.830000 0.043672 0.088889
10 0.158043 0.644208 0.222961 0.272139
3 0.336512 0.643167 0.063852 0.089944
3 0.684020 0.605139 0.049977 0.108889
1 0.749648 0.916667 0.064766 0.139722
10 0.881543 0.831625 0.235430 0.335139
10 0.786445 0.593576 0.166484 0.252819
10 0.670434 0.442722 0.076180 0.184889
1 0.694738 0.755403 0.040086 0.104750
1 0.123637 0.949819 0.038680 0.099111
1 0.075574 0.947493 0.037242 0.099958
3 0.466902 0.474729 0.055102 0.055264
3 0.349727 0.532708 0.048203 0.067917
3 0.745957 0.735639 0.052383 0.111806
