3 0.251012 0.893035 0.069945 0.146792
3 0.346215 0.942257 0.108805 0.103625
3 0.322906 0.658146 0.050500 0.074264
3 0.473480 0.444861 0.040805 0.051806
3 0.566738 0.470764 0.025258 0.079444
3 0.655145 0.596840 0.034977 0.086347
3 0.697406 0.841222 0.045656 0.150250
3 0.732867 0.927576 0.071891 0.132986
3 0.733836 0.499264 0.042750 0.091528
0 0.285691 0.630479 0.020852 0.070681
0 0.330059 0.597292 0.018430 0.059472
0 0.223625 0.657632 0.027641 0.073264
0 0.224598 0.593410 0.018914 0.039653
0 0.397949 0.472757 0.020648 0.063208
0 0.329125 0.461035 0.021797 0.054042
11 0.707328 0.657403 0.062438 0.198917
7 0.321785 0.766222 0.056758 0.134056
2 0.264313 0.617819 0.031250 0.079639
1 0.260937 0.655333 0.026187 0.052556
1 0.900805 0.713889 0.030406 0.064556
