3 0.361492 0.858181 0.113891 0.174750
2 0.521367 0.872361 0.071328 0.199444
1 0.692562 0.868319 0.052219 0.139472
4 0.279414 0.724500 0.058047 0.143722
0 0.254832 0.792431 0.027992 0.090972
2 0.270176 0.923889 0.065273 0.152222
2 0.675945 0.599694 0.052016 0.096056
2 0.356867 0.539403 0.069078 0.080194
2 0.340273 0.619243 0.067734 0.092653
2 0.416426 0.500903 0.059492 0.068750
2 0.489051 0.468639 0.046742 0.060889
11 0.456863 0.444833 0.053102 0.073278
12 0.760945 0.880819 0.056234 0.136694
9 0.153523 0.838611 0.177953 0.322778
9 0.154008 0.695729 0.228234 0.233125
9 0.323754 0.491097 0.114055 0.139972
9 0.814781 0.764250 0.190125 0.400111
1 0.321461 0.778396 0.048328 0.099292
