0 0.275566 0.935028 0.054758 0.094389
0 0.256488 0.751472 0.029867 0.110472
0 0.297137 0.705083 0.031523 0.091444
0 0.215004 0.623896 0.028211 0.076847
0 0.270176 0.616514 0.027383 0.056194
0 0.512016 0.438715 0.016594 0.048681
0 0.924352 0.646021 0.028203 0.076542
0 0.849266 0.492625 0.019078 0.059139
0 0.800320 0.457889 0.024062 0.057528
2 0.884113 0.623972 0.032352 0.106194
5 0.721918 0.650368 0.063055 0.138653
3 0.523633 0.878979 0.061391 0.185847
1 0.408723 0.508188 0.020742 0.051625
1 0.705738 0.827431 0.022398 0.094250
1 0.716938 0.747785 0.023234 0.079792
1 0.857977 0.811285 0.026547 0.082597
1 0.864613 0.735917 0.021570 0.064889
1 0.803223 0.519910 0.018258 0.051764
1 0.729797 0.518507 0.019078 0.054569
1 0.386324 0.552438 0.022398 0.051625
10 0.098375 0.765535 0.196750 0.336347
10 0.101758 0.521389 0.151828 0.175361
10 0.208781 0.434292 0.105359 0.140111
10 0.210855 0.522125 0.139383 0.191889
6 0.292160 0.528097 0.104539 0.147500
