10 0.846672 0.670396 0.135875 0.300875
10 0.631777 0.471208 0.064727 0.177028
3 0.659688 0.577590 0.046406 0.092319
6 0.693113 0.494049 0.047367 0.120514
10 0.088844 0.858451 0.177687 0.283097
5 0.689668 0.391208 0.030352 0.062583
6 0.769688 0.764514 0.113437 0.265139
10 0.211750 0.546785 0.143375 0.197458
5 0.523258 0.879604 0.069313 0.183847
12 0.227277 0.929465 0.081852 0.141069
5 0.313434 0.834139 0.065789 0.158667
10 0.309023 0.515424 0.136953 0.178042
2 0.953594 0.866132 0.065000 0.176542
3 0.247910 0.783486 0.058008 0.105250
3 0.258477 0.666410 0.060391 0.082181
6 0.760426 0.330993 0.035555 0.079681
11 0.326082 0.608472 0.094352 0.153889
10 0.750445 0.523292 0.083797 0.185361
10 0.452156 0.415104 0.090563 0.127847
