2 0.690516 0.481375 0.029422 0.055306
2 0.706070 0.457236 0.025453 0.047278
2 0.380230 0.337062 0.020930 0.042236
2 0.321684 0.435111 0.020367 0.055306
2 0.552207 0.294319 0.020930 0.039222
2 0.592086 0.378792 0.021500 0.043250
2 0.612164 0.373264 0.022063 0.050278
2 0.678355 0.425556 0.020930 0.044250
2 0.750766 0.456229 0.033375 0.055319
2 0.512047 0.232972 0.019813 0.033194
5 0.410785 0.295153 0.021961 0.053861
9 0.429715 0.569132 0.047711 0.138681
1 0.465313 0.237937 0.012875 0.036347
1 0.709918 0.535472 0.020445 0.063278
2 0.793602 0.530757 0.027266 0.070014
2 0.924617 0.650583 0.051500 0.096944
