6 0.890789 0.606194 0.092922 0.227139
10 0.390098 0.406340 0.131914 0.125375
10 0.210480 0.584069 0.175883 0.227139
10 0.100137 0.519938 0.150992 0.160708
10 0.208820 0.422563 0.102875 0.116514
6 0.783352 0.599556 0.053922 0.166667
9 0.714906 0.604715 0.074672 0.174042
3 0.316676 0.609146 0.063055 0.094403
3 0.524504 0.878319 0.065539 0.190278
3 0.792895 0.734514 0.053102 0.129806
3 0.811559 0.533187 0.037336 0.072264
3 0.668031 0.536139 0.034016 0.063417
3 0.632355 0.469028 0.035680 0.061944
3 0.495879 0.408556 0.029867 0.050139
3 0.409594 0.531715 0.034844 0.054569
2 0.127934 0.699854 0.029039 0.072264
2 0.846406 0.752951 0.034016 0.095875
2 0.867559 0.693951 0.038164 0.092931
2 0.354840 0.480826 0.031523 0.070792
1 0.374750 0.885694 0.036500 0.081111
1 0.322898 0.716076 0.029031 0.081125
1 0.740625 0.528021 0.019906 0.050153
1 0.755973 0.508847 0.019086 0.059000
1 0.724031 0.464597 0.018250 0.047194
0 0.331609 0.795722 0.033187 0.078167
0 0.367285 0.945431 0.046461 0.088500
0 0.849727 0.814160 0.058906 0.094403
0 0.326633 0.497792 0.023234 0.048667
