3 0.631375 0.432444 0.030641 0.046306
3 0.107973 0.976590 0.077289 0.046819
3 0.223426 0.959410 0.066664 0.081181
3 0.220523 0.810618 0.058937 0.127097
3 0.247578 0.600215 0.058937 0.073847
3 0.375078 0.581792 0.059234 0.067639
3 0.310410 0.520924 0.053805 0.077292
3 0.479535 0.435208 0.036977 0.052139
3 0.447023 0.495278 0.040797 0.040806
3 0.659313 0.616264 0.039531 0.073611
3 0.703809 0.859799 0.045586 0.134292
3 0.739781 0.940271 0.063266 0.107792
3 0.748430 0.562201 0.042109 0.074875
3 0.813824 0.666597 0.048742 0.078750
0 0.942215 0.731583 0.037148 0.093861
2 0.974660 0.649278 0.037148 0.093861
0 0.053621 0.790417 0.041664 0.101944
0 0.101273 0.677500 0.037156 0.093861
0 0.189746 0.600875 0.037148 0.093861
1 0.670676 0.954424 0.037148 0.091153
1 0.626434 0.562583 0.030367 0.073722
4 0.873613 0.744083 0.088477 0.133083
4 0.795348 0.592840 0.040836 0.072597
11 0.712406 0.673007 0.060484 0.197708
11 0.783621 0.806556 0.070242 0.242806
