3 0.235332 0.643139 0.088773 0.076694
3 0.497496 0.410771 0.027383 0.045875
5 0.464727 0.404208 0.033188 0.061944
11 0.827695 0.845132 0.153484 0.301042
10 0.324934 0.468285 0.115320 0.155014
0 0.271418 0.880458 0.039820 0.115056
0 0.322441 0.702063 0.029039 0.082736
0 0.150293 0.798674 0.063055 0.098958
0 0.144066 0.676986 0.030695 0.100444
0 0.263125 0.564972 0.026547 0.064889
0 0.738512 0.707299 0.029867 0.095875
0 0.805711 0.493292 0.019906 0.060472
0 0.787875 0.470424 0.024062 0.070792
1 0.211687 0.733118 0.043141 0.067847
1 0.182645 0.832674 0.031523 0.101764
1 0.788289 0.655604 0.019906 0.063264
1 0.814008 0.647424 0.019906 0.070792
1 0.865863 0.678542 0.029039 0.088500
2 0.847605 0.481639 0.037336 0.081111
2 0.312070 0.563347 0.041484 0.091444
1 0.857148 0.557521 0.018250 0.059153
1 0.454355 0.446243 0.015758 0.051625
2 0.300871 0.668806 0.029039 0.098833
3 0.525703 0.880535 0.068859 0.179792
