0 0.314145 0.716743 0.029039 0.094403
0 0.320781 0.805313 0.032359 0.079792
0 0.265195 0.935028 0.053922 0.109139
0 0.940113 0.691076 0.033180 0.078181
2 0.908586 0.607597 0.039828 0.070806
2 0.822719 0.471167 0.024062 0.051611
1 0.274738 0.724187 0.026555 0.070653
1 0.300043 0.662167 0.029039 0.070806
3 0.263949 0.823819 0.073008 0.140111
3 0.357699 0.924708 0.089602 0.135694
3 0.529438 0.878396 0.068031 0.193208
3 0.748883 0.826618 0.058906 0.157819
10 0.768789 0.583333 0.110344 0.246472
10 0.189285 0.730826 0.164273 0.332014
10 0.105078 0.533924 0.153484 0.209597
10 0.246945 0.544986 0.171734 0.205167
10 0.375125 0.541368 0.124453 0.206486
10 0.421586 0.409292 0.107859 0.128167
10 0.207535 0.428465 0.101211 0.131125
