3 0.884781 0.805757 0.086828 0.172097
3 0.526062 0.871840 0.069594 0.197986
3 0.234891 0.947354 0.072688 0.105292
3 0.288234 0.805736 0.056797 0.117972
3 0.307133 0.689868 0.059859 0.089431
3 0.155902 0.725194 0.071320 0.091000
3 0.228203 0.684708 0.077344 0.094528
3 0.377082 0.522014 0.060680 0.061250
3 0.479687 0.463313 0.040312 0.049403
3 0.507492 0.424319 0.029906 0.043000
2 0.379004 0.834514 0.062398 0.119806
2 0.164187 0.802743 0.045109 0.114347
2 0.303129 0.554146 0.034320 0.073319
2 0.723461 0.920597 0.049094 0.142417
3 0.797930 0.917382 0.063516 0.161875
0 0.642582 0.860958 0.028398 0.093556
0 0.258742 0.740278 0.025266 0.067222
4 0.801715 0.771042 0.089070 0.167917
4 0.799992 0.555736 0.038219 0.094639
0 0.911496 0.699903 0.043508 0.116028
0 0.763051 0.647611 0.043102 0.078778
0 0.214773 0.751681 0.041187 0.080806
0 0.281781 0.624556 0.030609 0.065889
10 0.234648 0.551507 0.158719 0.207681
10 0.066406 0.636771 0.132812 0.252569
10 0.446148 0.419882 0.094734 0.131986
10 0.680348 0.479806 0.095070 0.178167
10 0.706055 0.413833 0.073125 0.146583
11 0.317602 0.900660 0.070203 0.168736
