0 0.265609 0.836354 0.041484 0.112097
0 0.873742 0.564083 0.023234 0.060472
0 0.222055 0.547861 0.032359 0.054583
0 0.105488 0.696236 0.039820 0.061944
1 0.076867 0.694618 0.020734 0.067847
1 0.861297 0.632819 0.019906 0.059000
1 0.689973 0.443146 0.014102 0.054569
1 0.267273 0.702729 0.016594 0.051625
2 0.272664 0.756639 0.037328 0.100139
2 0.825625 0.676917 0.034844 0.088500
2 0.901121 0.545792 0.028211 0.059000
4 0.820230 0.488937 0.038992 0.066514
3 0.524879 0.877507 0.063883 0.176986
3 0.774188 0.732222 0.051438 0.122417
3 0.750953 0.603910 0.051438 0.078181
3 0.353555 0.578833 0.061391 0.075222
3 0.492938 0.416590 0.034844 0.051625
9 0.288012 0.491819 0.046461 0.092917
9 0.330738 0.432889 0.038992 0.090111
9 0.910320 0.886507 0.179359 0.224181
10 0.105074 0.521458 0.158461 0.181417
10 0.208367 0.435764 0.102875 0.148972
