0 0.696816 0.863833 0.044555 0.150111
10 0.790098 0.749174 0.160586 0.372931
6 0.313461 0.691417 0.079828 0.244222
10 0.321813 0.497521 0.185641 0.179875
3 0.521844 0.872986 0.065906 0.204583
3 0.185367 0.766500 0.089109 0.127056
0 0.256840 0.960396 0.033414 0.075903
0 0.278184 0.913368 0.053836 0.090764
0 0.270297 0.857257 0.028781 0.054458
0 0.249875 0.708743 0.041766 0.090764
3 0.148699 0.924917 0.071477 0.136972
3 0.349195 0.913368 0.099312 0.156764
3 0.233168 0.813514 0.062195 0.115472
0 0.205324 0.918312 0.049195 0.120458
3 0.093469 0.911715 0.077969 0.127069
