0 0.252199 0.703792 0.042695 0.064361
3 0.209965 0.766486 0.077039 0.100639
3 0.241988 0.877062 0.064977 0.136958
3 0.170051 0.742576 0.078898 0.099014
2 0.304180 0.791250 0.059406 0.100667
2 0.341305 0.755778 0.051984 0.108917
10 0.790578 0.758243 0.178188 0.381208
10 0.887098 0.658431 0.200492 0.300361
10 0.350590 0.508250 0.142945 0.198028
8 0.293500 0.686472 0.052906 0.118806
8 0.306961 0.921611 0.131812 0.150167
3 0.523234 0.876208 0.061266 0.207861
11 0.416023 0.917493 0.132734 0.151819
0 0.360336 0.838285 0.064047 0.079208
