3 0.319934 0.739965 0.072789 0.144375
2 0.467238 0.434806 0.038336 0.055167
1 0.351191 0.858569 0.059336 0.118139
9 0.329332 0.554660 0.132273 0.178486
9 0.816504 0.769299 0.190117 0.401958
9 0.125898 0.685396 0.208359 0.243569
12 0.327969 0.911951 0.052500 0.125264
2 0.524312 0.871979 0.072188 0.194292
2 0.270750 0.880701 0.059750 0.142486
9 0.162332 0.824903 0.164555 0.342861
2 0.724375 0.831667 0.077188 0.159444
0 0.700707 0.688014 0.027492 0.087972
11 0.680965 0.577139 0.045367 0.118444
11 0.488559 0.390729 0.040383 0.076181
4 0.349934 0.621042 0.077477 0.108472
2 0.428480 0.463840 0.055383 0.074819
2 0.476094 0.484396 0.046094 0.045736
2 0.498141 0.452146 0.041844 0.052069
