0 0.652641 0.832597 0.039000 0.113722
1 0.807371 0.625368 0.021570 0.079792
1 0.682508 0.537681 0.017422 0.057528
1 0.108391 0.848889 0.034016 0.060472
0 0.369316 0.944618 0.041477 0.098819
1 0.971223 0.857000 0.020742 0.091444
0 0.717355 0.747049 0.037336 0.089819
0 0.809027 0.876035 0.031523 0.117986
0 0.874156 0.692410 0.034016 0.098819
0 0.961270 0.703542 0.043977 0.085694
0 0.379688 0.469028 0.019078 0.055889
0 0.367656 0.513937 0.023234 0.048681
0 0.304605 0.571465 0.028211 0.054569
0 0.232012 0.622347 0.027383 0.047194
2 0.322441 0.855389 0.048945 0.106194
2 0.298383 0.778028 0.040656 0.087167
2 0.263121 0.611431 0.028211 0.081111
2 0.882867 0.617917 0.048125 0.106194
3 0.120008 0.936576 0.062219 0.124042
3 0.174766 0.800069 0.062219 0.122417
3 0.193430 0.690264 0.077984 0.100444
3 0.304187 0.652583 0.042313 0.081111
3 0.302531 0.732375 0.048953 0.092917
3 0.391715 0.878389 0.089602 0.119472
3 0.525289 0.878319 0.069688 0.178611
3 0.755105 0.874556 0.064711 0.150444
3 0.505379 0.419618 0.034852 0.039681
5 0.093461 0.805236 0.108688 0.141583
5 0.467633 0.458701 0.042312 0.076542
5 0.434441 0.442410 0.037336 0.067847
10 0.132453 0.648160 0.206578 0.261069
10 0.103418 0.520729 0.158461 0.174042
10 0.292574 0.524340 0.125273 0.199264
10 0.207121 0.434444 0.105367 0.137167
10 0.380934 0.423965 0.112836 0.146014
6 0.248187 0.816361 0.084625 0.222833
