6 0.260844 0.831514 0.091094 0.262694
5 0.524758 0.879014 0.068594 0.192556
3 0.708512 0.761722 0.063055 0.154722
3 0.733051 0.942507 0.063055 0.114986
3 0.680695 0.674014 0.047797 0.101361
3 0.656438 0.576063 0.047250 0.088792
3 0.645250 0.512562 0.040187 0.068458
3 0.744246 0.531965 0.049477 0.097458
10 0.697063 0.447646 0.051875 0.171681
10 0.836672 0.779181 0.190406 0.384972
3 0.723781 0.615312 0.049453 0.097431
3 0.391152 0.527646 0.057070 0.077208
3 0.471305 0.479646 0.050516 0.054875
3 0.766328 0.484444 0.032031 0.068333
10 0.631094 0.384625 0.044219 0.154250
10 0.142781 0.828146 0.174625 0.339347
10 0.282117 0.602278 0.144078 0.204556
10 0.505676 0.321111 0.063383 0.086389
5 0.490957 0.433576 0.042461 0.065625
12 0.446793 0.414181 0.049055 0.081417
12 0.344836 0.843153 0.062156 0.149250
