2 0.257316 0.746313 0.039820 0.094236
2 0.159414 0.683556 0.041484 0.081111
2 0.273078 0.557597 0.029875 0.061944
2 0.309582 0.542840 0.029867 0.067847
2 0.383836 0.448375 0.025719 0.053250
2 0.314559 0.390194 0.019914 0.048667
2 0.400016 0.318583 0.016594 0.035250
2 0.376367 0.312688 0.015766 0.032597
2 0.552668 0.325299 0.019914 0.039819
2 0.955047 0.711729 0.051438 0.098819
2 0.922277 0.586285 0.043977 0.086875
5 0.635219 0.345132 0.030703 0.052958
7 0.602031 0.494104 0.042312 0.100153
4 0.629414 0.642257 0.060562 0.148958
4 0.429879 0.550882 0.039820 0.089819
10 0.346914 0.406340 0.043141 0.128181
3 0.421586 0.386361 0.024891 0.044250
3 0.418266 0.305312 0.019906 0.032597
3 0.320371 0.312021 0.021570 0.033931
