1 0.423656 0.398972 0.025719 0.028167
10 0.241551 0.461653 0.101211 0.144389
10 0.210023 0.432889 0.104531 0.128167
6 0.822719 0.463937 0.072172 0.140125
3 0.174352 0.916667 0.076328 0.134083
3 0.291328 0.747785 0.049781 0.106347
3 0.524461 0.882083 0.066375 0.200583
3 0.472609 0.433701 0.042312 0.061958
3 0.487129 0.404132 0.036508 0.038486
5 0.409555 0.448299 0.053922 0.067847
2 0.348160 0.536062 0.024055 0.057514
1 0.193848 0.757444 0.032352 0.075222
10 0.103414 0.705674 0.198281 0.296458
1 0.645176 0.548743 0.020742 0.064903
1 0.826453 0.603910 0.024891 0.078181
0 0.034973 0.913056 0.046461 0.106194
0 0.268930 0.654062 0.031531 0.084069
0 0.249848 0.623889 0.028211 0.079500
0 0.285105 0.542035 0.020742 0.066236
0 0.317051 0.506639 0.023227 0.069167
0 0.777090 0.503764 0.022398 0.063417
0 0.895312 0.522194 0.028203 0.059000
10 0.915301 0.808993 0.169398 0.375958
