10 0.207953 0.683556 0.178375 0.284667
10 0.103000 0.528097 0.151000 0.194694
10 0.206707 0.442403 0.106195 0.141583
10 0.352309 0.504424 0.158461 0.165347
10 0.489617 0.391590 0.086281 0.134069
6 0.308340 0.915187 0.133570 0.155014
3 0.179328 0.931417 0.086281 0.134361
3 0.307922 0.668139 0.069687 0.079500
3 0.362266 0.918215 0.083797 0.116514
3 0.526949 0.885028 0.061398 0.200583
3 0.757590 0.778764 0.053102 0.147639
3 0.828523 0.680014 0.068859 0.112083
3 0.380516 0.579646 0.058906 0.076847
5 0.305852 0.761729 0.050609 0.143069
5 0.129133 0.897493 0.102047 0.178319
4 0.714035 0.480903 0.043977 0.064889
2 0.240309 0.812688 0.038992 0.121097
2 0.967906 0.685840 0.040656 0.097486
1 0.439422 0.844472 0.030703 0.072278
1 0.046172 0.832597 0.034016 0.087167
1 0.675871 0.557521 0.020742 0.059153
0 0.399188 0.856271 0.043141 0.101764
0 0.359777 0.820729 0.037336 0.084069
0 0.740586 0.528021 0.024063 0.073597
