3 0.197996 0.727063 0.063883 0.115042
0 0.769621 0.752951 0.032352 0.113431
0 0.938453 0.780972 0.036500 0.110472
0 0.968738 0.768437 0.030695 0.106347
0 0.933063 0.657889 0.035672 0.088500
0 0.895312 0.540556 0.028203 0.072417
0 0.245699 0.710174 0.028211 0.069181
0 0.194676 0.584000 0.024055 0.064889
0 0.272250 0.542840 0.026547 0.067847
0 0.251090 0.536139 0.030695 0.069167
0 0.307508 0.494910 0.027375 0.054569
0 0.278055 0.497792 0.028203 0.054722
1 0.223301 0.770722 0.029867 0.081111
1 0.744316 0.705826 0.023227 0.095875
1 0.513266 0.404868 0.015750 0.066514
7 0.295477 0.781042 0.053094 0.122417
4 0.314562 0.644618 0.053094 0.109153
2 0.232840 0.588424 0.035680 0.073736
2 0.382594 0.535396 0.034844 0.073597
2 0.876230 0.578243 0.039820 0.070792
2 0.249434 0.468215 0.024055 0.051625
3 0.526953 0.879868 0.059734 0.196153
3 0.212926 0.900444 0.063883 0.151778
3 0.709469 0.536208 0.043141 0.087028
10 0.095531 0.521313 0.144359 0.172569
10 0.210441 0.435771 0.097070 0.128319
10 0.461824 0.399701 0.082133 0.120792
10 0.384254 0.421826 0.097898 0.144403
