0 0.247773 0.778021 0.040656 0.093069
0 0.183477 0.789819 0.041484 0.113417
0 0.899875 0.818507 0.040656 0.112097
0 0.978691 0.725667 0.038992 0.103389
0 0.894898 0.570729 0.025719 0.067847
0 0.857980 0.525813 0.031523 0.069181
0 0.811934 0.469840 0.022398 0.051625
0 0.789535 0.453465 0.020742 0.063431
0 0.286766 0.525736 0.027375 0.057528
1 0.314145 0.467479 0.014102 0.064903
1 0.753027 0.715410 0.022398 0.064903
5 0.736848 0.814826 0.071352 0.193208
2 0.872496 0.611361 0.045633 0.110472
3 0.112957 0.932153 0.091258 0.121083
3 0.206707 0.935104 0.087945 0.121097
3 0.304602 0.856854 0.059734 0.129792
3 0.524047 0.882674 0.067203 0.187319
3 0.749293 0.607597 0.064711 0.085556
3 0.346086 0.433701 0.028203 0.047208
10 0.228691 0.610618 0.097070 0.233181
10 0.215418 0.496979 0.107023 0.171097
10 0.212926 0.441743 0.098727 0.140264
