0 0.231375 0.707208 0.027875 0.071917
0 0.188809 0.722903 0.030398 0.058556
0 0.199707 0.668097 0.025336 0.051056
0 0.269000 0.656833 0.021875 0.052556
0 0.305742 0.652326 0.024406 0.052542
0 0.340836 0.621708 0.025344 0.057028
0 0.288387 0.717646 0.028711 0.048042
0 0.935008 0.927931 0.036313 0.089944
0 0.873773 0.572118 0.018578 0.047986
0 0.467059 0.924215 0.046367 0.073514
0 0.515984 0.925681 0.027906 0.067417
3 0.431164 0.480479 0.052453 0.048208
3 0.654602 0.595340 0.027875 0.076431
3 0.564609 0.464042 0.022047 0.060056
11 0.702320 0.649396 0.060813 0.184542
7 0.329855 0.824326 0.055742 0.141292
2 0.478418 0.449625 0.023648 0.049556
1 0.673520 0.964792 0.025336 0.052556
1 0.914652 0.705681 0.026180 0.065861
