1 0.186992 0.834292 0.023047 0.054139
11 0.278352 0.767528 0.097969 0.210361
3 0.804574 0.471333 0.042977 0.055861
7 0.858148 0.832167 0.093234 0.145111
3 0.240117 0.950417 0.064516 0.096361
10 0.373449 0.446104 0.100445 0.123903
10 0.469852 0.389924 0.088891 0.127653
10 0.741090 0.508785 0.092039 0.166875
10 0.839594 0.654875 0.133156 0.290528
10 0.788504 0.850319 0.178461 0.299361
10 0.687906 0.654847 0.122625 0.286694
10 0.266027 0.618368 0.148930 0.217486
10 0.150168 0.673618 0.151070 0.268042
5 0.525156 0.886167 0.064766 0.197361
5 0.320797 0.914340 0.064766 0.171319
3 0.619445 0.459236 0.031578 0.059583
3 0.447445 0.482326 0.046359 0.057014
3 0.498449 0.441250 0.036852 0.045000
0 0.346633 0.774000 0.034031 0.070056
3 0.162738 0.954354 0.064523 0.091292
10 0.615207 0.369361 0.038758 0.105583
