1 0.773770 0.740340 0.027383 0.085542
0 0.286352 0.663639 0.024891 0.073750
0 0.305848 0.569319 0.022398 0.047056
0 0.303777 0.513278 0.019914 0.050000
0 0.289254 0.475007 0.022398 0.053097
0 0.323688 0.449042 0.019906 0.054583
0 0.375125 0.374708 0.016594 0.044250
0 0.775430 0.614236 0.024063 0.063417
0 0.809445 0.718292 0.027375 0.103389
0 0.849266 0.873083 0.035672 0.085556
0 0.807785 0.922493 0.042305 0.084069
0 0.810273 0.544243 0.030703 0.055903
0 0.801977 0.490340 0.019078 0.054569
0 0.865031 0.539896 0.022406 0.061958
0 0.795340 0.429868 0.014102 0.036875
2 0.963344 0.748451 0.049781 0.095875
2 0.872082 0.626840 0.039820 0.076847
3 0.523633 0.880535 0.068031 0.191597
3 0.502473 0.399632 0.037336 0.050153
10 0.208367 0.435028 0.102875 0.141583
10 0.116691 0.620944 0.173398 0.233194
1 0.267687 0.568514 0.017422 0.060472
1 0.247359 0.738937 0.023234 0.073597
1 0.246117 0.831785 0.025719 0.085542
1 0.331984 0.762535 0.028203 0.076847
1 0.934719 0.910771 0.035672 0.104569
1 0.690805 0.416743 0.014109 0.054569
2 0.836410 0.463049 0.046461 0.067847
