3 0.767965 0.842257 0.072180 0.182903
10 0.188871 0.546535 0.150164 0.196153
10 0.212102 0.430604 0.103703 0.126847
6 0.210441 0.620208 0.148508 0.201917
3 0.525293 0.880528 0.063055 0.185694
10 0.103414 0.526472 0.155141 0.182889
5 0.680020 0.505090 0.040648 0.092931
2 0.954633 0.688868 0.052266 0.082597
1 0.242379 0.877507 0.029867 0.088486
1 0.315805 0.706486 0.015766 0.053250
1 0.874156 0.915118 0.029031 0.101764
1 0.945090 0.779431 0.028211 0.075222
1 0.707812 0.572271 0.021578 0.073597
1 0.734363 0.524410 0.021570 0.063431
1 0.647250 0.523597 0.018250 0.053250
0 0.355215 0.910104 0.054758 0.115042
0 0.221223 0.724187 0.030695 0.097208
0 0.269762 0.707299 0.029867 0.095875
0 0.327418 0.505090 0.020742 0.063431
0 0.297953 0.457153 0.019875 0.050139
0 0.512434 0.435764 0.022398 0.048667
0 0.897387 0.580458 0.022398 0.075222
2 0.836824 0.512465 0.030695 0.072264
