3 0.264773 0.706229 0.055031 0.076486
10 0.758555 0.648438 0.130078 0.316597
10 0.342305 0.861868 0.152109 0.270403
10 0.344824 0.511444 0.127070 0.185000
10 0.081094 0.780021 0.162187 0.295236
10 0.176723 0.588826 0.201117 0.204569
3 0.522426 0.881444 0.064039 0.199222
5 0.782578 0.917910 0.084047 0.161875
9 0.152211 0.837861 0.064031 0.140528
0 0.246766 0.825403 0.047031 0.097833
0 0.209246 0.812069 0.040023 0.103167
0 0.855617 0.675097 0.030016 0.085389
3 0.209746 0.918799 0.067039 0.128069
0 0.298797 0.631521 0.033016 0.058708
