3 0.301285 0.668806 0.071352 0.092917
1 0.101754 0.669694 0.020742 0.061944
1 0.738094 0.466813 0.027375 0.045569
1 0.770867 0.617993 0.026547 0.059153
2 0.245285 0.840708 0.047289 0.103389
2 0.764645 0.714528 0.040648 0.089972
2 0.306680 0.711576 0.032359 0.084069
2 0.157344 0.713861 0.078812 0.100444
2 0.217906 0.556118 0.027375 0.067847
0 0.302531 0.893806 0.035672 0.097194
0 0.360605 0.887174 0.037336 0.093069
0 0.310410 0.789083 0.036508 0.097194
0 0.234086 0.756563 0.044797 0.070792
0 0.215418 0.682896 0.027383 0.070653
0 0.185547 0.633486 0.025719 0.066222
0 0.227449 0.606861 0.028211 0.063417
0 0.271832 0.460840 0.027383 0.051625
0 0.308340 0.440264 0.020742 0.045583
0 0.820230 0.569326 0.029039 0.073597
0 0.807371 0.489674 0.018258 0.055903
0 0.784969 0.476472 0.023234 0.059000
3 0.524047 0.882812 0.067203 0.190264
7 0.383004 0.485986 0.062227 0.066528
9 0.490863 0.399701 0.047289 0.076847
10 0.206289 0.429132 0.093750 0.129792
10 0.366414 0.394472 0.078813 0.122417
10 0.473023 0.370208 0.068031 0.121083
6 0.911074 0.634215 0.124445 0.233181
