3 0.440398 0.440229 0.083109 0.082958
2 0.750656 0.926229 0.085313 0.146431
11 0.724141 0.770882 0.070891 0.169153
3 0.690852 0.597896 0.056578 0.135042
9 0.818328 0.769090 0.190125 0.390403
12 0.662230 0.870188 0.035008 0.139903
12 0.323293 0.761528 0.035008 0.112778
12 0.286559 0.764854 0.036242 0.117236
12 0.326023 0.666167 0.032984 0.098167
9 0.294293 0.573632 0.149070 0.222542
9 0.122500 0.695896 0.201719 0.305681
2 0.524707 0.870771 0.072133 0.192569
2 0.640961 0.478556 0.035203 0.071528
9 0.198398 0.779965 0.166500 0.365986
