0 0.091387 0.814972 0.039820 0.107667
0 0.229520 0.661576 0.030695 0.081125
0 0.224129 0.589896 0.023227 0.064903
0 0.236574 0.516222 0.023227 0.053250
0 0.270586 0.505236 0.024891 0.048667
0 0.904852 0.752215 0.032359 0.097486
1 0.047000 0.740486 0.024063 0.061944
1 0.256070 0.576771 0.015766 0.047208
1 0.410383 0.486799 0.019078 0.050153
1 0.356871 0.392257 0.028211 0.044236
2 0.327004 0.432812 0.023227 0.054569
2 0.699516 0.684444 0.036500 0.091444
2 0.780824 0.443146 0.021570 0.054569
2 0.899875 0.544986 0.030703 0.060333
3 0.305438 0.780313 0.059734 0.109153
3 0.525707 0.876035 0.073836 0.185847
3 0.952555 0.776549 0.059734 0.128181
9 0.234086 0.901847 0.099563 0.184361
9 0.293816 0.595208 0.056414 0.125361
9 0.670891 0.515486 0.068859 0.157667
10 0.103418 0.516229 0.148508 0.168292
10 0.208363 0.429278 0.097898 0.132750
10 0.806957 0.679278 0.116977 0.320056
