0 0.764645 0.864382 0.045633 0.126847
0 0.892824 0.722639 0.048117 0.106194
0 0.916055 0.637903 0.024891 0.069167
0 0.899875 0.557444 0.030703 0.073750
10 0.117105 0.634882 0.182523 0.261069
10 0.105074 0.516965 0.150164 0.178319
10 0.208363 0.432896 0.097898 0.134069
3 0.525707 0.876028 0.065539 0.179944
3 0.715695 0.729347 0.058906 0.116667
3 0.742242 0.654944 0.053922 0.109139
4 0.808613 0.482299 0.035680 0.065042
2 0.288426 0.631194 0.060570 0.085556
0 0.206289 0.840632 0.050609 0.115042
0 0.251508 0.573674 0.028203 0.070792
0 0.311242 0.507375 0.023234 0.055889
0 0.288840 0.570799 0.021570 0.059153
