3 0.271035 0.929097 0.074727 0.141806
1 0.304027 0.819861 0.027414 0.051667
1 0.335125 0.785306 0.027422 0.051667
2 0.803570 0.469167 0.025516 0.056944
6 0.759922 0.329326 0.038750 0.080569
7 0.831602 0.509090 0.043672 0.069319
2 0.297473 0.505757 0.030727 0.060986
2 0.266500 0.604757 0.034719 0.077153
3 0.296898 0.739125 0.050281 0.105250
3 0.164797 0.843715 0.080375 0.124514
3 0.221047 0.863917 0.075844 0.150778
3 0.203145 0.703778 0.050273 0.105250
3 0.229574 0.604278 0.039461 0.073944
5 0.243473 0.719944 0.060383 0.124556
5 0.522473 0.876507 0.070586 0.187181
10 0.648902 0.542660 0.104367 0.223653
10 0.745793 0.801729 0.134508 0.394319
10 0.891805 0.738444 0.193578 0.331722
10 0.772762 0.568764 0.095258 0.202472
10 0.672758 0.448049 0.070266 0.163069
10 0.507711 0.324806 0.069734 0.084278
10 0.394250 0.464368 0.124297 0.155986
12 0.319754 0.612062 0.076258 0.130903
