0 0.285980 0.612833 0.023227 0.075222
0 0.724445 0.692479 0.048953 0.095875
0 0.319168 0.584806 0.021570 0.075222
0 0.799113 0.584806 0.029039 0.072278
0 0.827320 0.551625 0.025719 0.070806
1 0.806168 0.879056 0.023227 0.088500
1 0.805340 0.747049 0.021570 0.087014
1 0.744773 0.484514 0.018250 0.051611
1 0.738137 0.469028 0.021570 0.047194
1 0.723203 0.455014 0.016594 0.042778
1 0.265238 0.626104 0.019914 0.063431
2 0.117563 0.716819 0.041484 0.073750
2 0.354840 0.484514 0.039820 0.078167
2 0.833133 0.665188 0.034016 0.085542
2 0.833133 0.592924 0.027375 0.064903
3 0.166098 0.815639 0.105367 0.135694
3 0.526988 0.876840 0.063883 0.202069
3 0.308379 0.691000 0.049773 0.089972
3 0.897844 0.938792 0.097063 0.110611
3 0.778789 0.636437 0.053094 0.098819
3 0.658488 0.461653 0.029867 0.056056
3 0.472648 0.443958 0.036500 0.059000
3 0.517453 0.398965 0.033188 0.048681
5 0.743945 0.834806 0.061391 0.197639
4 0.300086 0.921826 0.094578 0.132736
9 0.686695 0.561208 0.068031 0.146028
9 0.303816 0.522861 0.030695 0.092917
10 0.191398 0.600292 0.170906 0.244833
10 0.103043 0.533187 0.155148 0.199125
10 0.206336 0.427729 0.101219 0.129792
10 0.361062 0.423306 0.133578 0.138639
6 0.887887 0.592924 0.092086 0.203542
