2 0.523555 0.872569 0.069141 0.195417
2 0.274813 0.773222 0.057766 0.112000
11 0.212422 0.560667 0.093672 0.161611
1 0.698598 0.708472 0.042023 0.110278
9 0.702656 0.513889 0.098437 0.211389
2 0.255742 0.914819 0.069141 0.166528
2 0.316848 0.662049 0.070523 0.097986
2 0.157941 0.770951 0.104430 0.142458
2 0.623656 0.496104 0.036437 0.077486
2 0.625809 0.398472 0.029945 0.057778
2 0.342301 0.576757 0.070711 0.077958
2 0.483863 0.469819 0.048367 0.061028
11 0.397141 0.508576 0.072438 0.091042
9 0.856594 0.693333 0.211937 0.326944
0 0.736180 0.896611 0.031391 0.103167
0 0.715938 0.823021 0.026875 0.104097
0 0.733590 0.693188 0.024070 0.096931
3 0.660219 0.582764 0.056125 0.097528
9 0.083555 0.729194 0.167109 0.250333
9 0.436645 0.351903 0.119477 0.087694
9 0.313133 0.436222 0.150766 0.128556
9 0.382191 0.447028 0.122789 0.156000
0 0.300145 0.573049 0.025133 0.070542
12 0.094676 0.840472 0.085383 0.107667
