3 0.331543 0.892736 0.086289 0.148528
3 0.149629 0.900986 0.078898 0.141917
3 0.099969 0.887785 0.085391 0.128708
3 0.717699 0.524750 0.049195 0.085806
0 0.312066 0.734326 0.039914 0.092403
0 0.249414 0.934000 0.038984 0.105611
0 0.268902 0.847361 0.044555 0.107250
0 0.209965 0.877062 0.051055 0.133653
0 0.705160 0.937292 0.046398 0.122111
10 0.793371 0.746736 0.165180 0.371250
10 0.868535 0.704618 0.174508 0.326736
6 0.336664 0.584986 0.109531 0.202972
10 0.339914 0.478549 0.164297 0.165014
9 0.201609 0.738444 0.091891 0.117167
3 0.523238 0.870465 0.074258 0.189764
3 0.256371 0.750826 0.077039 0.108903
