0 0.892824 0.675514 0.041477 0.100444
2 0.865027 0.840785 0.047289 0.112097
2 0.854246 0.567111 0.029039 0.063278
6 0.313312 0.583410 0.102047 0.163708
10 0.295480 0.503021 0.141039 0.171097
3 0.524461 0.878319 0.064719 0.178611
3 0.309582 0.721979 0.049773 0.096014
3 0.460578 0.446090 0.043141 0.054569
3 0.694535 0.499264 0.038164 0.063278
0 0.199652 0.896681 0.053930 0.112083
0 0.180156 0.721313 0.031531 0.085542
0 0.103832 0.662243 0.036508 0.076542
0 0.929742 0.654868 0.030703 0.079486
0 0.794926 0.523674 0.024883 0.070792
0 0.839727 0.500660 0.021578 0.054569
0 0.891582 0.545792 0.029039 0.061944
0 0.351082 0.776549 0.043102 0.066236
1 0.163980 0.819396 0.032352 0.078181
1 0.222469 0.777354 0.028203 0.067847
1 0.858809 0.638715 0.024883 0.067847
1 0.388812 0.420278 0.015766 0.044250
