3 0.184723 0.741229 0.072180 0.098819
3 0.525703 0.878243 0.067203 0.190264
3 0.417023 0.500000 0.048953 0.059139
1 0.823965 0.703611 0.023227 0.088500
1 0.490859 0.458625 0.019078 0.047194
1 0.258559 0.597271 0.019086 0.064903
2 0.863371 0.517701 0.037336 0.100153
3 0.060688 0.941743 0.102875 0.104569
10 0.277227 0.872493 0.238937 0.252208
10 0.191773 0.524410 0.127766 0.172569
10 0.208781 0.437979 0.100391 0.135681
0 0.283035 0.600299 0.031523 0.076847
0 0.326590 0.840708 0.045633 0.103389
0 0.898219 0.671097 0.035672 0.094250
0 0.832262 0.576625 0.028211 0.070806
0 0.805711 0.486653 0.024891 0.061944
0 0.891996 0.568507 0.021570 0.054569
