2 0.558078 0.315583 0.024891 0.041306
10 0.289270 0.603201 0.094586 0.235986
10 0.509129 0.286090 0.048117 0.079653
5 0.636891 0.345090 0.031531 0.053097
3 0.809875 0.620889 0.042313 0.091444
3 0.320379 0.311896 0.020742 0.033931
2 0.158598 0.685056 0.038992 0.078167
2 0.217090 0.659243 0.038164 0.070792
2 0.744746 0.555264 0.038164 0.075222
2 0.760508 0.519861 0.036500 0.066361
2 0.918969 0.809688 0.051438 0.100292
2 0.884543 0.653340 0.037336 0.082597
2 0.316648 0.386382 0.018250 0.044236
2 0.583379 0.376056 0.024055 0.044250
2 0.608684 0.367944 0.021570 0.045722
2 0.815680 0.493319 0.022406 0.060472
2 0.927266 0.647444 0.034844 0.070806
