10 0.801562 0.582667 0.124453 0.241889
10 0.394621 0.355458 0.070523 0.100139
10 0.238648 0.466889 0.102047 0.146028
10 0.207535 0.452729 0.099555 0.171097
3 0.323688 0.544910 0.053094 0.063431
3 0.377199 0.523674 0.053930 0.061958
3 0.436930 0.456493 0.042312 0.045569
3 0.474684 0.424708 0.029867 0.047194
3 0.524875 0.876840 0.060562 0.181569
5 0.268930 0.634958 0.063047 0.113722
2 0.341523 0.452875 0.022406 0.059000
2 0.337375 0.626028 0.032359 0.089972
2 0.356043 0.842111 0.043148 0.106194
0 0.229523 0.865854 0.042313 0.082597
0 0.273078 0.956417 0.048125 0.075222
0 0.317051 0.857667 0.038164 0.090111
0 0.296727 0.660847 0.025719 0.091444
0 0.279301 0.492556 0.022398 0.073750
0 0.306262 0.463056 0.019914 0.047194
0 0.324102 0.488125 0.022406 0.050139
0 0.903195 0.713938 0.035672 0.082597
0 0.935137 0.683632 0.038164 0.093069
0 0.879547 0.634215 0.026547 0.073597
0 0.866691 0.564160 0.019086 0.051764
1 0.322027 0.728535 0.026555 0.067847
1 0.775016 0.860694 0.026547 0.092917
1 0.878305 0.861431 0.039000 0.112083
1 0.883699 0.803097 0.029867 0.087167
1 0.716109 0.568514 0.026547 0.063417
