4 0.543680 0.303576 0.027891 0.041764
3 0.318793 0.313806 0.020758 0.035306
3 0.675836 0.468688 0.043328 0.062597
3 0.647852 0.532083 0.052359 0.086667
3 0.682605 0.659667 0.062289 0.097889
3 0.849613 0.581028 0.055070 0.085056
5 0.636574 0.348347 0.033414 0.053028
10 0.347680 0.404486 0.044234 0.130000
9 0.596395 0.536889 0.070414 0.134806
7 0.702918 0.819354 0.083055 0.147653
4 0.288027 0.665882 0.082133 0.092931
4 0.879563 0.745528 0.092094 0.125361
2 0.162336 0.687264 0.044797 0.079639
2 0.271016 0.575174 0.033187 0.073736
2 0.313332 0.584021 0.038164 0.067847
2 0.307523 0.538299 0.026547 0.053097
2 0.316648 0.387861 0.018250 0.047194
2 0.897402 0.684319 0.046461 0.073750
2 0.779594 0.477090 0.024891 0.057514
