1 0.698789 0.500076 0.026687 0.062042
2 0.342609 0.584632 0.027375 0.068125
2 0.599570 0.496431 0.033531 0.071778
2 0.632414 0.453243 0.029422 0.058403
2 0.661496 0.453250 0.027367 0.053528
2 0.691949 0.422833 0.028055 0.058389
2 0.567746 0.318208 0.021898 0.046222
2 0.859602 0.542049 0.040375 0.072986
2 0.364852 0.229403 0.017109 0.046222
2 0.500684 0.253736 0.017789 0.041361
2 0.787754 0.472104 0.034898 0.057181
3 0.441945 0.229938 0.015656 0.029181
10 0.327191 0.257833 0.028977 0.076750
2 0.358004 0.517111 0.025320 0.071778
