3 0.526121 0.879868 0.064711 0.196153
3 0.672555 0.406347 0.034016 0.066222
3 0.787457 0.446097 0.038164 0.075222
3 0.490859 0.438056 0.037328 0.059139
3 0.434441 0.477875 0.038992 0.056194
9 0.370563 0.542104 0.070516 0.098819
7 0.763398 0.527208 0.048125 0.107667
10 0.161492 0.817847 0.185016 0.355611
1 0.706980 0.671757 0.021570 0.072264
1 0.849270 0.602437 0.022398 0.081125
1 0.461824 0.419618 0.019086 0.045569
2 0.972883 0.737465 0.052266 0.091292
0 0.176426 0.587681 0.035680 0.078167
0 0.276395 0.550882 0.029867 0.069181
0 0.184723 0.524410 0.029039 0.057514
0 0.247773 0.485250 0.025719 0.053250
0 0.301699 0.429938 0.019086 0.048819
0 0.768375 0.606194 0.033188 0.073611
0 0.879133 0.668875 0.032359 0.087167
0 0.918129 0.671757 0.032352 0.092931
