2 0.454633 0.225792 0.011250 0.020000
2 0.632176 0.420681 0.029320 0.056306
2 0.690125 0.488451 0.032844 0.075069
2 0.825020 0.497840 0.032852 0.072986
2 0.731176 0.458215 0.042227 0.072986
2 0.897156 0.795007 0.048094 0.104264
2 0.528848 0.272403 0.017414 0.030972
5 0.387895 0.253174 0.018586 0.038236
2 0.365270 0.269708 0.018930 0.036361
2 0.879859 0.672931 0.037859 0.075389
2 0.946879 0.698514 0.050742 0.083472
2 0.792012 0.487139 0.027258 0.064611
2 0.675766 0.398285 0.028016 0.059236
2 0.514082 0.250188 0.016664 0.037708
2 0.269125 0.564576 0.030500 0.072986
2 0.037453 0.722021 0.059828 0.070903
2 0.628812 0.382799 0.020453 0.033653
2 0.344199 0.475944 0.028148 0.066722
