0 0.245285 0.772201 0.053930 0.098819
2 0.199652 0.575889 0.029039 0.063417
2 0.299215 0.592847 0.047289 0.088500
2 0.510359 0.400514 0.024891 0.048667
1 0.191355 0.936576 0.030695 0.097486
1 0.158586 0.802361 0.026547 0.076556
0 0.257312 0.654062 0.024891 0.084069
1 0.874570 0.685917 0.023234 0.061944
1 0.798242 0.525076 0.014937 0.047042
1 0.766305 0.537681 0.019078 0.063417
0 0.948824 0.699854 0.038992 0.089819
1 0.691219 0.483701 0.018250 0.050153
2 0.298383 0.794986 0.040656 0.106333
1 0.379273 0.527951 0.019906 0.050153
10 0.304602 0.489014 0.127766 0.163722
0 0.198410 0.759514 0.029867 0.088500
10 0.461406 0.372493 0.084625 0.116514
0 0.141992 0.765562 0.033188 0.085542
5 0.424488 0.482299 0.048945 0.076542
3 0.162320 0.701403 0.087109 0.092917
3 0.523629 0.878979 0.063055 0.185847
2 0.826867 0.446826 0.040656 0.070792
3 0.803223 0.921903 0.063055 0.153389
0 0.356457 0.831118 0.037336 0.086875
3 0.474680 0.472785 0.034844 0.051625
0 0.227449 0.606854 0.029867 0.084069
0 0.378859 0.480014 0.024062 0.060472
11 0.753027 0.652660 0.098727 0.243514
