3 0.366590 0.937285 0.117914 0.121986
3 0.520750 0.871993 0.066688 0.190736
3 0.261629 0.784694 0.057992 0.104778
3 0.182344 0.804299 0.085203 0.129431
3 0.249539 0.690597 0.081437 0.096833
6 0.279500 0.597694 0.040094 0.091667
5 0.208500 0.906368 0.083047 0.187264
2 0.096445 0.820021 0.060641 0.109403
2 0.317223 0.723285 0.042602 0.107375
2 0.326254 0.598903 0.037289 0.077056
3 0.319973 0.547799 0.052570 0.055708
3 0.391371 0.512542 0.057477 0.053639
3 0.434168 0.462319 0.043523 0.052611
10 0.074500 0.602410 0.144391 0.223514
10 0.378355 0.424021 0.119086 0.141347
3 0.479793 0.459924 0.042914 0.054097
10 0.482812 0.381201 0.085313 0.122125
4 0.761434 0.859146 0.064977 0.133486
3 0.727602 0.697951 0.083562 0.170208
11 0.690852 0.546542 0.091734 0.157194
10 0.751797 0.487083 0.100156 0.208889
