1 0.468914 0.478611 0.024063 0.042778
0 0.307133 0.871681 0.035672 0.118000
0 0.259430 0.780972 0.043141 0.092917
0 0.228734 0.715340 0.028203 0.058986
0 0.225414 0.648229 0.034844 0.092931
0 0.315430 0.640861 0.024062 0.060472
0 0.345711 0.600299 0.033188 0.070792
0 0.354840 0.527292 0.024883 0.060472
0 0.432824 0.466076 0.021570 0.053097
0 0.865484 0.514750 0.025719 0.059000
2 0.191402 0.826694 0.046461 0.107667
2 0.796629 0.689528 0.045633 0.087028
2 0.919828 0.647493 0.066375 0.123903
7 0.331195 0.797931 0.067203 0.135694
3 0.524500 0.879799 0.060562 0.187319
3 0.286809 0.722715 0.058070 0.117986
3 0.307965 0.610618 0.063883 0.073736
3 0.502516 0.424042 0.031531 0.054583
2 0.166922 0.750000 0.042312 0.092917
10 0.231223 0.562681 0.179211 0.199111
10 0.100141 0.527285 0.152656 0.184375
10 0.207992 0.433632 0.102875 0.144542
6 0.375582 0.450590 0.082961 0.125375
