9 0.462281 0.493361 0.042312 0.110611
2 0.159043 0.685104 0.041477 0.081125
2 0.271047 0.573007 0.034844 0.069319
2 0.291785 0.527285 0.029867 0.051625
2 0.405863 0.426993 0.020742 0.042764
2 0.314187 0.387174 0.016594 0.036875
2 0.579262 0.398972 0.022398 0.045722
2 0.546074 0.367257 0.020742 0.038347
2 0.894109 0.737465 0.051438 0.094403
2 0.957992 0.710181 0.049781 0.092917
2 0.636504 0.348083 0.035680 0.059000
3 0.318336 0.314160 0.018250 0.041292
4 0.587969 0.347347 0.024891 0.042778
4 0.762613 0.602507 0.063883 0.104708
10 0.319164 0.629056 0.092922 0.243361
10 0.348203 0.403396 0.044797 0.128319
