10 0.209609 0.434299 0.102047 0.128319
10 0.083086 0.654868 0.162609 0.233181
2 0.883695 0.613569 0.043141 0.073611
2 0.828523 0.537681 0.034016 0.063417
1 0.241965 0.794174 0.032352 0.084069
1 0.726895 0.542840 0.021570 0.067847
1 0.777918 0.629868 0.022398 0.064903
1 0.244043 0.960104 0.039820 0.067847
0 0.746809 0.860549 0.056414 0.116514
0 0.336133 0.863493 0.049781 0.101764
0 0.289668 0.724257 0.029867 0.082597
3 0.526949 0.883479 0.069695 0.194847
3 0.407484 0.499931 0.059734 0.061944
0 0.274320 0.662243 0.025719 0.076542
0 0.292160 0.574417 0.026555 0.075222
0 0.241965 0.560472 0.027383 0.076556
0 0.352309 0.437979 0.019086 0.047208
0 0.794926 0.593660 0.024883 0.069181
0 0.869594 0.788354 0.033188 0.093069
0 0.942187 0.724264 0.040656 0.085556
0 0.770039 0.475667 0.024891 0.051778
0 0.841383 0.482299 0.024891 0.059153
