10 0.103414 0.522056 0.155141 0.179944
10 0.210441 0.435181 0.097070 0.132750
3 0.333645 0.595132 0.063055 0.089819
3 0.370563 0.522931 0.057250 0.060472
3 0.526121 0.876028 0.064711 0.179944
3 0.726063 0.817035 0.059734 0.138653
10 0.703250 0.595062 0.088766 0.216819
3 0.654297 0.512535 0.034016 0.066514
3 0.672141 0.454944 0.033188 0.060472
3 0.813180 0.741222 0.059734 0.116528
2 0.348160 0.438056 0.020742 0.053250
2 0.417852 0.455090 0.027375 0.054569
2 0.904852 0.555979 0.034016 0.070819
0 0.198410 0.671833 0.034852 0.069472
0 0.300457 0.491153 0.028211 0.052944
0 0.270172 0.493285 0.034016 0.054569
0 0.503313 0.424042 0.017437 0.045861
0 0.600371 0.445431 0.020742 0.053250
0 0.719012 0.470576 0.027383 0.058986
0 0.816082 0.471313 0.022398 0.048681
0 0.947578 0.700590 0.041484 0.097208
