3 0.287523 0.751785 0.051328 0.121653
5 0.354246 0.871007 0.068430 0.133819
5 0.226953 0.896556 0.062969 0.150861
3 0.323445 0.663583 0.030109 0.069333
5 0.700500 0.701299 0.043797 0.105847
3 0.696055 0.827208 0.051328 0.141111
10 0.662863 0.493264 0.075273 0.178833
3 0.754559 0.695826 0.052008 0.097319
5 0.816148 0.659326 0.083484 0.133819
3 0.854129 0.790111 0.078695 0.100972
3 0.787410 0.801667 0.062961 0.124083
3 0.910926 0.695215 0.075961 0.105847
2 0.339871 0.585118 0.042430 0.065681
10 0.452102 0.423924 0.083484 0.135042
3 0.673473 0.638035 0.041742 0.103403
2 0.399750 0.517597 0.022578 0.064472
12 0.883555 0.923319 0.066375 0.148417
2 0.920164 0.822951 0.050641 0.069347
3 0.372719 0.422104 0.024641 0.034069
0 0.301551 0.445819 0.028742 0.054750
0 0.279656 0.479278 0.020531 0.043806
4 0.810676 0.532194 0.046539 0.100972
