3 0.528609 0.875368 0.064719 0.190125
3 0.344012 0.595132 0.070523 0.083931
1 0.250676 0.559813 0.014930 0.054569
1 0.353969 0.527285 0.020734 0.042625
1 0.464727 0.424778 0.021578 0.053250
1 0.751785 0.620132 0.023227 0.078181
10 0.207535 0.432083 0.101211 0.135694
0 0.257730 0.892993 0.045633 0.119458
0 0.281375 0.784000 0.033187 0.092917
0 0.295066 0.702139 0.030695 0.085556
0 0.261051 0.707229 0.030695 0.093069
0 0.334473 0.477951 0.018258 0.067847
0 0.305434 0.484437 0.028211 0.051625
0 0.390059 0.465340 0.018258 0.057375
0 0.371391 0.427653 0.025719 0.044250
0 0.684168 0.666597 0.030695 0.073750
0 0.897801 0.898889 0.053102 0.122417
0 0.971641 0.741222 0.043141 0.116528
0 0.951730 0.653319 0.031523 0.082583
7 0.795754 0.494097 0.036508 0.082750
