2 0.102371 0.730431 0.056680 0.080611
2 0.342449 0.438215 0.025102 0.054708
2 0.374430 0.344646 0.014578 0.043181
2 0.613293 0.453333 0.024289 0.047500
2 0.730297 0.610236 0.031578 0.070528
2 0.593457 0.354007 0.018617 0.044625
2 0.576051 0.413743 0.024289 0.043181
0 0.342809 0.350403 0.014492 0.048944
0 0.769570 0.532500 0.019437 0.073417
0 0.708031 0.503715 0.030766 0.067653
2 0.691434 0.420222 0.025102 0.050389
2 0.729082 0.451896 0.037242 0.053264
9 0.416535 0.336729 0.029148 0.061903
4 0.823414 0.520264 0.033203 0.066222
1 0.526250 0.378479 0.017000 0.050375
1 0.893859 0.664215 0.031578 0.069097
