10 0.115859 0.620944 0.155141 0.212250
10 0.101344 0.529424 0.154312 0.194681
10 0.205461 0.441000 0.102047 0.144389
10 0.325762 0.480826 0.121961 0.165347
10 0.420340 0.410771 0.097070 0.131125
3 0.197992 0.899785 0.060563 0.129792
3 0.523219 0.886507 0.068859 0.203542
3 0.319539 0.754431 0.071344 0.110472
3 0.288012 0.669694 0.073008 0.109139
3 0.244043 0.645278 0.054758 0.087167
3 0.353969 0.590042 0.085453 0.088500
3 0.386324 0.547861 0.057242 0.060472
3 0.475926 0.486799 0.043977 0.050153
3 0.423238 0.455681 0.036492 0.047194
5 0.478414 0.428542 0.035672 0.057528
1 0.756762 0.577361 0.023227 0.078167
1 0.665086 0.472715 0.019078 0.063264
1 0.762984 0.470507 0.014109 0.062097
0 0.234500 0.777285 0.043969 0.097486
0 0.268102 0.774264 0.033188 0.085556
0 0.320785 0.797861 0.045633 0.091444
0 0.316637 0.943882 0.045633 0.085542
0 0.811934 0.756639 0.032352 0.094250
0 0.831430 0.619396 0.031531 0.082597
0 0.808199 0.582521 0.028211 0.070792
