3 0.085926 0.969174 0.064805 0.061653
3 0.347242 0.562639 0.039078 0.076194
3 0.483418 0.424715 0.037789 0.059264
3 0.514539 0.393083 0.024453 0.051333
3 0.626793 0.428667 0.031117 0.051361
3 0.659020 0.614167 0.033352 0.067778
3 0.701258 0.843604 0.051125 0.138319
3 0.735715 0.938444 0.062242 0.122500
3 0.828414 0.752917 0.046141 0.131389
3 0.794562 0.610507 0.040031 0.076653
3 0.739133 0.531125 0.046188 0.071167
1 0.677602 0.949361 0.035203 0.087667
1 0.594570 0.538194 0.024141 0.053889
1 0.627109 0.565000 0.022500 0.045278
10 0.813438 0.441597 0.054062 0.154861
0 0.921500 0.700625 0.035203 0.087667
11 0.776293 0.801618 0.071336 0.256514
11 0.710633 0.680556 0.066469 0.193111
11 0.874539 0.912236 0.062500 0.172667
