0 0.747223 0.775000 0.030695 0.101778
0 0.957121 0.766958 0.045633 0.103389
0 0.891996 0.586951 0.031523 0.070792
0 0.218738 0.617917 0.029039 0.073750
0 0.041609 0.916597 0.069687 0.104722
0 0.225375 0.550215 0.027375 0.067847
0 0.316637 0.457306 0.030695 0.047194
0 0.486711 0.457229 0.027375 0.062097
0 0.736020 0.458701 0.028211 0.055903
1 0.402504 0.532528 0.021570 0.061944
1 0.432785 0.443882 0.020742 0.050153
1 0.366414 0.398160 0.017422 0.035403
1 0.875398 0.842111 0.026547 0.070806
2 0.341938 0.573014 0.034844 0.069472
2 0.318293 0.503764 0.027383 0.063417
2 0.870422 0.509590 0.033188 0.066514
3 0.245285 0.865708 0.078820 0.153389
3 0.249434 0.719764 0.062227 0.100444
3 0.525703 0.882819 0.067203 0.196167
3 0.700344 0.659292 0.051438 0.100444
3 0.746391 0.564826 0.043969 0.082597
3 0.642273 0.439528 0.024891 0.056194
10 0.101344 0.523528 0.154312 0.177000
10 0.210023 0.435028 0.102875 0.141583
10 0.673383 0.513938 0.070516 0.169625
