1 0.320367 0.426993 0.018250 0.045569
1 0.514508 0.379792 0.016594 0.045861
1 0.660937 0.441743 0.019078 0.057375
1 0.782480 0.585618 0.019914 0.070792
10 0.208781 0.429132 0.097063 0.129792
3 0.140750 0.850375 0.088766 0.137167
0 0.700348 0.750000 0.036508 0.086861
0 0.950898 0.724264 0.033188 0.103250
0 0.888676 0.561208 0.026555 0.063278
0 0.245699 0.750076 0.029867 0.081125
0 0.263125 0.653312 0.026547 0.067847
0 0.272250 0.583264 0.024891 0.057528
0 0.277227 0.544243 0.024891 0.055903
0 0.349391 0.417333 0.021594 0.047194
0 0.237402 0.462465 0.021570 0.048681
0 0.275566 0.441813 0.021570 0.048681
0 0.782895 0.451326 0.020742 0.055903
7 0.810273 0.640188 0.039000 0.126847
3 0.212926 0.725667 0.055586 0.103389
3 0.525289 0.877583 0.069688 0.191583
3 0.458918 0.454347 0.044805 0.061944
