1 0.286770 0.640125 0.029039 0.056194
1 0.317879 0.615854 0.023227 0.051625
1 0.840969 0.848819 0.025719 0.090111
1 0.345672 0.949042 0.035672 0.075222
1 0.675043 0.508854 0.019086 0.055903
0 0.219148 0.716736 0.041484 0.073750
0 0.348992 0.528021 0.024063 0.073597
0 0.500402 0.392257 0.023227 0.050153
0 0.735191 0.568514 0.029867 0.063417
0 0.804465 0.617993 0.030695 0.076542
0 0.771695 0.614306 0.019906 0.069167
0 0.889508 0.556854 0.018250 0.054569
0 0.865445 0.523674 0.018250 0.064903
2 0.165641 0.800222 0.050609 0.092917
2 0.458090 0.481486 0.026555 0.057528
2 0.850094 0.497056 0.025719 0.056194
2 0.663840 0.376028 0.023227 0.044250
7 0.300871 0.802361 0.058898 0.147639
5 0.187207 0.884882 0.082133 0.176986
3 0.525289 0.880528 0.069688 0.188944
3 0.301285 0.715264 0.064711 0.091444
3 0.381348 0.586951 0.067195 0.085542
10 0.103414 0.516222 0.153484 0.174194
10 0.210855 0.435840 0.106195 0.134069
10 0.221641 0.513278 0.086281 0.159139
10 0.367656 0.422569 0.155969 0.131417
6 0.293406 0.528097 0.048953 0.147500
6 0.180574 0.663646 0.191648 0.230097
