10 0.413742 0.363569 0.041484 0.107667
2 0.358160 0.525069 0.028211 0.061944
4 0.956180 0.887167 0.087641 0.163722
10 0.345715 0.405604 0.046461 0.129792
2 0.288469 0.737465 0.041484 0.088486
2 0.136227 0.730090 0.065547 0.067847
2 0.157387 0.679944 0.038164 0.076694
2 0.270629 0.556785 0.030695 0.066375
2 0.306305 0.544986 0.025719 0.057528
2 0.313773 0.387903 0.019078 0.047194
2 0.958406 0.710181 0.050609 0.089972
2 0.919000 0.577431 0.034844 0.072278
9 0.415406 0.648972 0.077984 0.168139
5 0.635676 0.348083 0.032352 0.056056
3 0.134570 0.813424 0.116984 0.095875
3 0.317922 0.311944 0.017422 0.033917
0 0.238687 0.640854 0.041484 0.084069
