5 0.635227 0.350292 0.032094 0.058444
2 0.594133 0.350292 0.023484 0.041750
2 0.620746 0.424049 0.028180 0.055653
2 0.693934 0.474146 0.038352 0.069569
2 0.796082 0.511715 0.036008 0.066792
2 0.925238 0.647396 0.037570 0.079319
2 0.882578 0.556944 0.038359 0.068194
2 0.979840 0.687049 0.040320 0.094625
2 0.161660 0.684965 0.043055 0.079319
2 0.269684 0.570160 0.028961 0.064014
2 0.294336 0.527722 0.040703 0.059833
2 0.316258 0.384389 0.017219 0.043139
3 0.319777 0.314118 0.018008 0.033403
3 0.737770 0.519375 0.071227 0.059833
9 0.540125 0.363521 0.031312 0.065403
10 0.500199 0.277938 0.043836 0.091847
