1 0.687941 0.876840 0.032352 0.110625
10 0.129590 0.664451 0.211555 0.246319
10 0.104289 0.523597 0.154313 0.185833
10 0.207164 0.434368 0.101219 0.131264
10 0.325387 0.495576 0.150164 0.176986
6 0.426602 0.398965 0.075500 0.116514
6 0.145355 0.750736 0.198289 0.244833
7 0.310453 0.587021 0.040656 0.109153
3 0.360648 0.940271 0.102875 0.113569
3 0.283074 0.847347 0.065539 0.148972
3 0.525746 0.881271 0.064711 0.184375
3 0.282660 0.712389 0.066367 0.118000
5 0.093500 0.926993 0.099562 0.134208
2 0.221684 0.828174 0.047289 0.110625
2 0.345711 0.620944 0.034844 0.076694
2 0.920242 0.648972 0.065547 0.120944
1 0.488410 0.443951 0.013273 0.050153
1 0.789988 0.859146 0.032352 0.095875
1 0.743941 0.764014 0.028211 0.088500
1 0.760125 0.627583 0.017422 0.072278
1 0.694164 0.437312 0.014938 0.051625
0 0.412914 0.502951 0.023234 0.073736
0 0.777543 0.693958 0.030695 0.089972
0 0.883324 0.675514 0.033180 0.094389
0 0.787500 0.428465 0.019078 0.057514
