3 0.711043 0.566576 0.063195 0.075431
2 0.924094 0.723063 0.045141 0.096292
2 0.748957 0.508806 0.030695 0.056167
2 0.582398 0.335472 0.022562 0.043333
2 0.314730 0.388437 0.018055 0.046542
2 0.294871 0.528868 0.041523 0.060986
2 0.266434 0.569792 0.026180 0.059389
2 0.296223 0.587451 0.026180 0.052958
2 0.161262 0.683736 0.041523 0.078639
10 0.362578 0.498375 0.052359 0.173333
4 0.524621 0.333868 0.026180 0.052958
5 0.635660 0.346715 0.033398 0.052958
3 0.321500 0.313806 0.024375 0.035306
3 0.860898 0.550535 0.048750 0.091486
2 0.967426 0.829785 0.054164 0.110736
