3 0.520637 0.875090 0.072789 0.195264
3 0.760574 0.684028 0.053070 0.110278
3 0.273801 0.757639 0.053023 0.137500
3 0.318391 0.660806 0.047906 0.106889
3 0.179270 0.796903 0.076617 0.121583
3 0.239781 0.704535 0.065125 0.100181
3 0.244695 0.623208 0.076234 0.099750
3 0.647148 0.477569 0.039453 0.080972
3 0.680430 0.624861 0.061797 0.152222
3 0.337082 0.564125 0.053492 0.091583
4 0.116160 0.917528 0.075055 0.163389
4 0.264305 0.858035 0.087422 0.150597
4 0.732863 0.804236 0.072602 0.155417
10 0.324617 0.435368 0.122641 0.152958
10 0.879219 0.744271 0.171719 0.364931
10 0.740055 0.454785 0.101672 0.175403
10 0.084477 0.588910 0.142313 0.228014
