2 0.699930 0.445181 0.036297 0.068806
10 0.379668 0.245722 0.024805 0.084944
10 0.326742 0.260771 0.031453 0.078486
2 0.340352 0.443569 0.022375 0.063444
2 0.378156 0.338194 0.018141 0.048389
2 0.389648 0.301090 0.016937 0.038708
2 0.537227 0.287118 0.018141 0.038708
2 0.590453 0.367222 0.025406 0.044083
2 0.648520 0.412924 0.024195 0.062375
2 0.762531 0.539271 0.041734 0.076347
3 0.438641 0.451625 0.026609 0.066667
3 0.503961 0.344639 0.026609 0.052694
3 0.455500 0.210583 0.020250 0.028806
2 0.479527 0.263243 0.016336 0.035486
2 0.560273 0.279424 0.020562 0.039681
