0 0.070645 0.718361 0.038164 0.091444
0 0.181816 0.665854 0.036508 0.078181
0 0.283863 0.648965 0.021570 0.076542
0 0.957535 0.751549 0.038164 0.098819
0 0.888676 0.653465 0.033180 0.064903
0 0.829773 0.502215 0.024891 0.066514
0 0.243625 0.555313 0.025719 0.060319
0 0.355629 0.477951 0.020742 0.058986
0 0.306266 0.487535 0.023234 0.051625
0 0.320367 0.459368 0.018250 0.054569
11 0.848437 0.738125 0.131906 0.231556
10 0.416195 0.436500 0.085453 0.138639
10 0.134113 0.580458 0.112008 0.210917
5 0.236574 0.755972 0.087945 0.146028
1 0.285523 0.775076 0.019906 0.083931
1 0.336133 0.604056 0.023234 0.060472
1 0.927254 0.641667 0.027383 0.061944
2 0.147805 0.809660 0.051438 0.109153
2 0.283863 0.533924 0.026555 0.076542
2 0.292160 0.463201 0.028211 0.058986
3 0.163562 0.937243 0.077984 0.125375
3 0.525289 0.879056 0.069688 0.191889
3 0.482148 0.449042 0.036500 0.054583
