10 0.642016 0.465139 0.047469 0.134722
10 0.834379 0.791875 0.198586 0.383194
10 0.703691 0.522639 0.059883 0.226111
3 0.324480 0.826917 0.068133 0.139139
3 0.257344 0.828840 0.047656 0.132681
3 0.172293 0.851576 0.068805 0.132681
3 0.229230 0.739347 0.042523 0.097583
12 0.287965 0.708819 0.046102 0.118028
11 0.130703 0.703028 0.129219 0.159611
10 0.309883 0.572569 0.161328 0.209306
5 0.226664 0.942847 0.075891 0.114306
5 0.481582 0.446271 0.044805 0.063292
5 0.526332 0.878826 0.059836 0.191292
