3 0.624145 0.420806 0.033273 0.078333
10 0.847895 0.675965 0.152961 0.321042
10 0.083715 0.590812 0.145070 0.228014
10 0.293895 0.454792 0.129242 0.157917
10 0.693082 0.392549 0.076961 0.142042
3 0.138055 0.891875 0.092844 0.148194
3 0.219422 0.756326 0.059594 0.114875
3 0.273129 0.809431 0.061242 0.129972
3 0.323883 0.748757 0.065516 0.130014
3 0.522617 0.875361 0.074141 0.201278
3 0.791336 0.850354 0.069047 0.148181
3 0.732879 0.565139 0.045945 0.078333
3 0.662031 0.575451 0.060469 0.127014
3 0.311488 0.638375 0.053586 0.107306
3 0.178008 0.699028 0.090234 0.116389
4 0.706375 0.904396 0.058656 0.186014
4 0.709039 0.689306 0.055672 0.133611
4 0.308262 0.919861 0.098711 0.154167
5 0.388863 0.529736 0.065867 0.090667
