2 0.312898 0.385694 0.018250 0.042917
2 0.159414 0.684368 0.034844 0.076847
2 0.392547 0.327431 0.018250 0.041444
2 0.646836 0.416743 0.024063 0.048681
2 0.623602 0.366521 0.024063 0.042625
2 0.795344 0.491076 0.025719 0.050153
2 0.782895 0.554493 0.038992 0.067847
2 0.909414 0.730167 0.041484 0.088500
2 0.957121 0.706562 0.042305 0.088486
2 0.895312 0.612167 0.039828 0.070806
10 0.348160 0.404799 0.045633 0.128319
5 0.636461 0.347278 0.033188 0.060472
3 0.583363 0.528764 0.039820 0.066222
3 0.531512 0.388646 0.029039 0.048819
3 0.493348 0.262542 0.020742 0.032306
3 0.319535 0.311208 0.021570 0.035556
2 0.279715 0.696160 0.036508 0.079792
