0 0.395867 0.833264 0.041484 0.088500
0 0.199242 0.924854 0.041484 0.112097
0 0.332398 0.593583 0.027375 0.078167
0 0.364340 0.414458 0.023227 0.038500
0 0.838480 0.575153 0.032352 0.073750
0 0.871250 0.568514 0.026547 0.063417
1 0.268102 0.519250 0.016594 0.047194
1 0.300457 0.488125 0.014930 0.050139
4 0.470121 0.438056 0.045633 0.059139
10 0.183891 0.620208 0.163438 0.237306
6 0.261465 0.697569 0.079648 0.212389
0 0.251922 0.460917 0.022406 0.045583
0 0.275152 0.437389 0.020742 0.048667
3 0.333227 0.828979 0.067203 0.115042
3 0.526535 0.879722 0.067195 0.181417
3 0.355211 0.547118 0.068031 0.067847
2 0.873328 0.938792 0.052266 0.113722
2 0.940941 0.643729 0.054758 0.125375
2 0.794926 0.592257 0.028211 0.078181
2 0.809031 0.481493 0.026547 0.051625
2 0.419512 0.476472 0.027383 0.059000
2 0.428223 0.435104 0.026555 0.053236
2 0.320371 0.429125 0.021570 0.047194
