3 0.189945 0.563035 0.058859 0.075514
10 0.370887 0.399236 0.117445 0.126806
9 0.714414 0.652813 0.076484 0.205069
3 0.754648 0.824063 0.066016 0.154792
10 0.905898 0.800910 0.188203 0.398181
4 0.274102 0.905097 0.068828 0.181028
3 0.206684 0.876813 0.081945 0.143876
9 0.307891 0.664236 0.060625 0.155139
3 0.314133 0.820701 0.069812 0.140125
3 0.520723 0.875090 0.072789 0.195264
3 0.081199 0.870563 0.083461 0.147792
3 0.098316 0.753792 0.100867 0.105083
12 0.221289 0.746458 0.038359 0.110139
3 0.243750 0.691507 0.048125 0.121069
5 0.214277 0.653458 0.077227 0.124972
10 0.100000 0.566333 0.142313 0.213611
3 0.342512 0.575486 0.074867 0.076250
3 0.300137 0.546062 0.056758 0.081292
4 0.150859 0.833028 0.071000 0.172083
