10 0.721582 0.483389 0.080430 0.166278
3 0.327074 0.667326 0.051336 0.095042
3 0.296398 0.633764 0.059984 0.095056
2 0.723891 0.624028 0.032219 0.087778
7 0.771738 0.690931 0.067617 0.098194
5 0.704754 0.886236 0.073617 0.207806
0 0.350398 0.842382 0.037016 0.081347
5 0.521102 0.883111 0.064766 0.197361
6 0.193789 0.573410 0.141016 0.147292
11 0.279555 0.445417 0.047078 0.087778
3 0.451766 0.393653 0.036484 0.039639
3 0.515512 0.399465 0.028820 0.044958
3 0.466180 0.427632 0.033578 0.046958
3 0.699742 0.728493 0.058797 0.118014
3 0.496418 0.431410 0.034195 0.053847
11 0.260586 0.870375 0.094766 0.259250
10 0.655906 0.548438 0.096938 0.230625
10 0.819516 0.590396 0.141750 0.230625
10 0.371906 0.491833 0.116625 0.164944
10 0.166602 0.816278 0.164609 0.359389
