3 0.434031 0.941743 0.092922 0.113708
0 0.943434 0.756563 0.036508 0.112097
0 0.957125 0.699847 0.034016 0.087167
0 0.889508 0.573083 0.024891 0.075222
0 0.854660 0.573014 0.024883 0.069472
0 0.771695 0.609812 0.034844 0.084069
0 0.765891 0.502285 0.018250 0.054569
0 0.808199 0.492556 0.028211 0.073750
0 0.651398 0.842111 0.041484 0.126833
0 0.302117 0.653319 0.028203 0.082583
0 0.356871 0.580382 0.023227 0.069181
0 0.386738 0.560542 0.021570 0.061944
2 0.262707 0.683632 0.030695 0.093069
2 0.346918 0.899042 0.044805 0.078167
2 0.368902 0.964604 0.065539 0.055903
3 0.122496 0.801549 0.080477 0.119458
3 0.164395 0.847271 0.063055 0.128319
3 0.300871 0.746313 0.048945 0.097486
3 0.339449 0.839972 0.077992 0.113722
3 0.524875 0.874708 0.068859 0.194694
3 0.711547 0.645201 0.048953 0.098819
3 0.695781 0.476333 0.040656 0.061944
3 0.494594 0.449778 0.043141 0.050139
3 0.460996 0.485250 0.047289 0.053250
5 0.315391 0.581931 0.061391 0.092917
10 0.210023 0.606931 0.154312 0.225806
10 0.380930 0.484514 0.119469 0.178611
10 0.475926 0.407007 0.090430 0.132736
10 0.314145 0.464535 0.138555 0.159292
10 0.102172 0.522194 0.152656 0.182889
10 0.208781 0.433556 0.103703 0.138639
6 0.258559 0.860549 0.112008 0.231569
6 0.851758 0.851028 0.100391 0.277139
