2 0.158102 0.684542 0.044234 0.080250
10 0.524621 0.313007 0.051461 0.101097
10 0.348133 0.427757 0.055969 0.134819
3 0.861352 0.548931 0.046047 0.085056
3 0.743992 0.592257 0.065906 0.075431
3 0.318793 0.313007 0.022570 0.040125
4 0.591879 0.426958 0.039727 0.059389
5 0.638371 0.351528 0.035211 0.059389
2 0.914617 0.731889 0.044234 0.101111
2 0.965617 0.808924 0.048750 0.110736
2 0.868574 0.655660 0.046039 0.089875
2 0.647395 0.401278 0.026180 0.049750
2 0.315633 0.386028 0.016250 0.051361
2 0.307508 0.543312 0.028891 0.060986
2 0.267797 0.573806 0.028875 0.067417
