0 0.256070 0.730826 0.030703 0.087181
0 0.854246 0.549333 0.019086 0.063417
1 0.187207 0.955681 0.030695 0.088500
1 0.267687 0.634222 0.017422 0.052944
1 0.290500 0.640778 0.018250 0.063417
1 0.719012 0.586278 0.015758 0.066222
2 0.230770 0.913785 0.046461 0.128319
2 0.740582 0.627660 0.030695 0.081125
2 0.954219 0.655604 0.041484 0.083931
2 0.692879 0.404056 0.024883 0.044250
2 0.710301 0.470500 0.048117 0.082750
3 0.306680 0.675444 0.052266 0.085556
3 0.314148 0.785396 0.060562 0.104569
3 0.527367 0.878389 0.060562 0.181417
3 0.495840 0.425590 0.037336 0.057514
5 0.334473 0.892993 0.106195 0.160764
3 0.197996 0.871021 0.087117 0.146014
10 0.137848 0.793438 0.202430 0.353986
10 0.834332 0.740340 0.156805 0.351042
10 0.172688 0.625437 0.195797 0.218292
10 0.361020 0.500736 0.137727 0.178611
10 0.407480 0.411576 0.107852 0.132736
10 0.102980 0.519250 0.160914 0.171083
10 0.209195 0.434444 0.101219 0.137167
11 0.706984 0.718368 0.082969 0.221236
