0 0.835992 0.761063 0.032359 0.100431
0 0.860883 0.691076 0.037328 0.098819
0 0.824375 0.621014 0.025719 0.088500
0 0.818988 0.551549 0.029867 0.061958
0 0.295891 0.884215 0.034016 0.089819
0 0.217078 0.862021 0.042312 0.084069
0 0.283863 0.773674 0.036508 0.092931
0 0.260219 0.648229 0.025719 0.069181
0 0.182230 0.505090 0.027383 0.057514
10 0.306680 0.526472 0.128594 0.182889
7 0.219152 0.716889 0.046461 0.115056
2 0.101754 0.860618 0.045633 0.113708
2 0.163566 0.741812 0.036508 0.094403
2 0.253996 0.461653 0.029867 0.059139
2 0.848855 0.484444 0.038164 0.078167
2 0.758418 0.445431 0.021570 0.053250
3 0.526117 0.883479 0.068031 0.188931
3 0.480906 0.433556 0.032359 0.050139
1 0.794094 0.885694 0.026547 0.090111
1 0.200902 0.630458 0.021570 0.057528
