0 0.771781 0.495993 0.018734 0.051625
0 0.332863 0.338597 0.017805 0.036639
2 0.607367 0.402722 0.021547 0.044972
2 0.864062 0.535965 0.029047 0.064958
2 0.891715 0.654250 0.035633 0.078222
2 0.727285 0.455188 0.034664 0.063292
2 0.342234 0.381069 0.021547 0.058306
3 0.511336 0.357750 0.024359 0.041639
0 0.261664 0.586764 0.019672 0.066611
2 0.017707 0.875729 0.035414 0.111597
2 0.978828 0.673368 0.041219 0.073292
10 0.420930 0.411882 0.042156 0.136569
2 0.683250 0.515979 0.023422 0.068292
2 0.672477 0.466847 0.026234 0.049972
2 0.720723 0.574271 0.038414 0.074958
