1 0.328344 0.782424 0.033844 0.075153
2 0.710602 0.798076 0.057031 0.110514
3 0.265445 0.892285 0.079141 0.146903
3 0.198047 0.863403 0.078750 0.138194
3 0.277762 0.703583 0.087711 0.095222
3 0.343055 0.622014 0.055484 0.070139
3 0.406086 0.536639 0.045344 0.068389
3 0.436051 0.477361 0.049148 0.046111
3 0.519883 0.872764 0.083672 0.186917
3 0.722746 0.926181 0.079336 0.147639
3 0.697773 0.702021 0.055859 0.104875
3 0.766488 0.740236 0.064055 0.124528
3 0.790703 0.638597 0.087188 0.091139
3 0.751961 0.552368 0.050125 0.097208
2 0.965977 0.725611 0.068047 0.097389
2 0.896641 0.755931 0.052500 0.105194
2 0.664707 0.605736 0.033867 0.083694
0 0.185629 0.762563 0.033430 0.068514
0 0.832680 0.883576 0.039813 0.115569
0 0.870582 0.669972 0.040992 0.094500
0 0.969219 0.910000 0.047422 0.126111
0 0.769227 0.865708 0.036891 0.129194
0 0.343496 0.890826 0.046680 0.132458
4 0.706406 0.552125 0.053281 0.102694
10 0.074211 0.816174 0.148422 0.367653
10 0.245887 0.604111 0.189148 0.243861
10 0.339852 0.467139 0.145187 0.153500
10 0.675703 0.352410 0.046875 0.119069
10 0.624297 0.329424 0.036109 0.100597
10 0.432422 0.400840 0.096562 0.127153
