2 0.714449 0.766507 0.037133 0.103958
2 0.328773 0.741750 0.051047 0.107250
2 0.290254 0.745875 0.046414 0.066000
10 0.833711 0.820944 0.179141 0.341611
10 0.720961 0.466167 0.102141 0.176556
10 0.383074 0.479368 0.129945 0.176569
8 0.294895 0.664188 0.048273 0.107264
8 0.301395 0.914187 0.122523 0.165014
3 0.521844 0.872111 0.064047 0.173278
11 0.383539 0.885312 0.130875 0.212875
9 0.202535 0.629535 0.080758 0.120458
9 0.283293 0.566007 0.086320 0.095708
0 0.251730 0.690590 0.030633 0.051153
0 0.255445 0.636958 0.032484 0.036306
0 0.894988 0.642736 0.039914 0.094056
3 0.177012 0.736799 0.066836 0.100653
3 0.211820 0.766507 0.075188 0.103958
3 0.945578 0.849833 0.087250 0.178222
3 0.232238 0.867986 0.058477 0.141917
