0 0.928914 0.675444 0.035672 0.091444
0 0.800734 0.480014 0.018250 0.054583
0 0.072719 0.891521 0.053922 0.095875
0 0.223715 0.909951 0.037336 0.085542
0 0.239477 0.868729 0.034016 0.076847
0 0.267684 0.859215 0.029039 0.087014
0 0.285938 0.809069 0.029031 0.078167
0 0.302531 0.691743 0.030703 0.076847
0 0.483809 0.457153 0.019914 0.050139
2 0.105074 0.803833 0.058898 0.097500
7 0.084746 0.764083 0.122789 0.162250
3 0.167715 0.783924 0.087945 0.110764
3 0.184723 0.882007 0.055586 0.135542
3 0.250676 0.781715 0.044805 0.126986
3 0.525289 0.883479 0.066375 0.191597
3 0.713621 0.834069 0.066367 0.154722
3 0.342770 0.624632 0.049773 0.069181
3 0.443984 0.432222 0.036500 0.044250
3 0.501645 0.410104 0.038992 0.061958
10 0.836820 0.848743 0.153484 0.296458
10 0.268930 0.601771 0.169250 0.236125
10 0.341938 0.475667 0.136062 0.157667
10 0.170617 0.557444 0.143531 0.197639
10 0.102586 0.522125 0.153484 0.168000
10 0.206707 0.427729 0.099555 0.123736
