10 0.746809 0.516222 0.089602 0.206333
10 0.330324 0.476326 0.124445 0.162236
10 0.195922 0.586278 0.189156 0.216667
10 0.104246 0.523674 0.158461 0.179931
10 0.208781 0.429938 0.102047 0.137319
6 0.440664 0.474847 0.059734 0.106194
6 0.850098 0.596535 0.097070 0.193208
3 0.137844 0.848889 0.068031 0.122417
3 0.213758 0.918146 0.070516 0.155014
3 0.248188 0.790563 0.059734 0.120792
3 0.233258 0.712389 0.084625 0.100139
3 0.298797 0.628396 0.082969 0.082597
3 0.357285 0.544174 0.057242 0.067847
3 0.528609 0.879868 0.074672 0.196153
3 0.687488 0.564826 0.047289 0.094403
3 0.397937 0.896681 0.103703 0.138639
5 0.190113 0.675437 0.096242 0.112097
2 0.408309 0.472785 0.019914 0.051625
2 0.470535 0.399632 0.021570 0.044236
0 0.821059 0.764750 0.030695 0.110472
0 0.730211 0.872424 0.076328 0.110764
0 0.274320 0.889451 0.042312 0.115042
0 0.314562 0.876181 0.041484 0.109139
0 0.288012 0.818660 0.033180 0.088486
0 0.300039 0.755160 0.034016 0.076542
0 0.346500 0.763278 0.035672 0.066222
1 0.088066 0.693292 0.023227 0.061944
1 0.119180 0.731639 0.037328 0.064889
1 0.166055 0.757375 0.031531 0.069167
1 0.828941 0.870132 0.036508 0.115042
1 0.690391 0.481486 0.019906 0.045722
1 0.667160 0.417479 0.018258 0.041292
