2 0.670703 0.639812 0.035781 0.101292
10 0.678035 0.464806 0.078570 0.193611
3 0.766410 0.929722 0.077664 0.140556
1 0.142637 0.902674 0.055586 0.104097
3 0.059727 0.868861 0.119453 0.156333
3 0.306090 0.618458 0.081883 0.086639
9 0.366543 0.538910 0.082695 0.104764
10 0.222258 0.480569 0.167672 0.160917
10 0.265758 0.552528 0.172078 0.218667
3 0.306094 0.684028 0.065313 0.100833
3 0.259063 0.866319 0.065625 0.135417
10 0.401305 0.376299 0.120672 0.112875
3 0.467707 0.482806 0.054898 0.048389
3 0.497629 0.446500 0.041617 0.052167
7 0.615719 0.455826 0.031062 0.070819
1 0.613281 0.524750 0.021875 0.064583
1 0.681680 0.571250 0.019141 0.056389
2 0.241977 0.704875 0.039797 0.096083
3 0.524320 0.872778 0.069187 0.195694
11 0.176789 0.706632 0.086563 0.232958
10 0.790598 0.610903 0.164273 0.279306
