0 0.411215 0.939528 0.038992 0.094250
0 0.319953 0.689528 0.029031 0.066528
10 0.909004 0.831118 0.175055 0.320208
10 0.249434 0.544986 0.171742 0.205167
10 0.367656 0.449785 0.111172 0.159292
10 0.211684 0.429132 0.101211 0.129792
10 0.104660 0.522194 0.157633 0.182889
6 0.447719 0.397424 0.034016 0.081125
3 0.151953 0.864972 0.068031 0.146028
3 0.218734 0.862167 0.067203 0.169611
3 0.362680 0.846611 0.082969 0.159139
3 0.522387 0.884958 0.065539 0.188639
3 0.268102 0.736056 0.059734 0.106194
3 0.209195 0.706562 0.076328 0.094403
3 0.299211 0.630451 0.073844 0.084069
3 0.388398 0.573750 0.056422 0.076556
3 0.486301 0.440931 0.038164 0.059000
3 0.421586 0.460840 0.041484 0.057514
3 0.672551 0.494764 0.030695 0.072278
3 0.655543 0.435174 0.036508 0.064903
5 0.316637 0.575958 0.082133 0.096028
9 0.712789 0.554646 0.077984 0.132736
2 0.139090 0.679944 0.040648 0.085694
2 0.363508 0.508111 0.033187 0.060333
2 0.962113 0.672486 0.040633 0.070806
1 0.776672 0.767694 0.024891 0.087167
1 0.763813 0.682083 0.027375 0.072278
1 0.809031 0.638715 0.018250 0.067847
1 0.806953 0.534660 0.017422 0.069458
1 0.850098 0.586944 0.019086 0.059000
1 0.704492 0.475667 0.018250 0.036722
1 0.714449 0.447715 0.014930 0.048681
1 0.679188 0.426250 0.009125 0.041444
0 0.273492 0.851771 0.030703 0.110764
0 0.305852 0.832521 0.034016 0.078181
0 0.305438 0.917333 0.034844 0.073750
0 0.358535 0.932229 0.038164 0.097347
