0 0.823723 0.505139 0.050383 0.070028
2 0.838383 0.591458 0.046719 0.092833
3 0.530570 0.874840 0.066875 0.203569
3 0.147184 0.799917 0.053133 0.118889
2 0.076188 0.763278 0.057719 0.100972
2 0.161387 0.572729 0.048555 0.078181
12 0.293762 0.800736 0.098945 0.110750
3 0.188410 0.650910 0.053133 0.081431
1 0.135277 0.717674 0.051305 0.084681
0 0.085809 0.675333 0.071461 0.052111
0 0.918996 0.632174 0.037555 0.102597
0 0.970758 0.631361 0.042141 0.114000
10 0.320785 0.580056 0.138336 0.232889
10 0.468734 0.379736 0.047641 0.115639
3 0.487055 0.446507 0.027484 0.076542
0 0.755016 0.456285 0.035734 0.066764
3 0.515457 0.413125 0.031148 0.048861
