2 0.879547 0.531715 0.034844 0.060319
2 0.956289 0.708042 0.050609 0.091444
2 0.824793 0.506639 0.024883 0.063278
2 0.702836 0.433701 0.026547 0.047208
2 0.571336 0.351111 0.022406 0.044250
2 0.314559 0.393806 0.019914 0.053250
2 0.268934 0.587757 0.029867 0.069181
2 0.160660 0.684438 0.043977 0.085542
3 0.318293 0.314160 0.020742 0.035542
3 0.241137 0.719028 0.098727 0.080972
0 0.314559 0.590042 0.029867 0.061944
5 0.636879 0.347417 0.029039 0.057528
10 0.348160 0.406271 0.043977 0.125375
3 0.608668 0.564826 0.045633 0.094403
