0 0.276809 0.895201 0.047289 0.115042
0 0.170617 0.721160 0.035672 0.067847
0 0.288426 0.718361 0.024055 0.064889
0 0.227859 0.579646 0.025719 0.062097
0 0.199238 0.591444 0.029867 0.053250
0 0.794926 0.565708 0.028211 0.078167
0 0.867105 0.645278 0.029867 0.072417
0 0.910660 0.642257 0.032352 0.081125
0 0.851754 0.535472 0.022398 0.059000
0 0.811516 0.439528 0.018250 0.052944
10 0.332813 0.440194 0.082969 0.151917
10 0.236574 0.471979 0.101211 0.144403
10 0.207125 0.438792 0.093750 0.134361
10 0.701590 0.404125 0.063883 0.147639
3 0.083090 0.924708 0.082961 0.135694
3 0.209195 0.830458 0.069688 0.126833
3 0.291746 0.631194 0.070523 0.091444
3 0.379688 0.562764 0.053922 0.075222
3 0.523633 0.881931 0.066375 0.179944
3 0.733117 0.697569 0.057250 0.123889
3 0.466785 0.445431 0.035648 0.050000
2 0.346914 0.890854 0.059734 0.126986
2 0.329906 0.734437 0.042313 0.094403
1 0.305852 0.797194 0.024063 0.066222
1 0.644758 0.426333 0.016594 0.044250
1 0.667160 0.516153 0.024883 0.064889
1 0.774598 0.676326 0.022398 0.095875
1 0.937625 0.697715 0.031531 0.064903
