5 0.526113 0.876542 0.070586 0.187194
10 0.879449 0.731951 0.172195 0.362486
10 0.767691 0.559056 0.087742 0.201333
5 0.711688 0.464368 0.035375 0.079319
6 0.866863 0.877729 0.121273 0.244542
10 0.373387 0.475340 0.129945 0.155986
3 0.268648 0.967174 0.067859 0.065653
3 0.196051 0.936660 0.091633 0.126681
5 0.230820 0.760785 0.073203 0.143431
3 0.174051 0.771028 0.059945 0.111472
3 0.294629 0.763903 0.050273 0.105250
3 0.192973 0.670139 0.066102 0.088056
12 0.314449 0.619271 0.076258 0.130903
2 0.250180 0.667778 0.035281 0.091361
2 0.265141 0.606750 0.035281 0.091361
2 0.293461 0.465625 0.025984 0.057361
3 0.140152 0.904750 0.089852 0.136611
10 0.122234 0.553326 0.161641 0.190347
10 0.488828 0.347222 0.078594 0.100000
1 0.326078 0.915403 0.027422 0.051667
1 0.315203 0.859875 0.027422 0.051667
6 0.759344 0.328299 0.038750 0.080569
7 0.758965 0.404819 0.029883 0.045472
10 0.729852 0.756181 0.149359 0.357639
10 0.643160 0.529306 0.085070 0.220000
