10 0.716938 0.466889 0.076328 0.166667
10 0.396281 0.437243 0.108687 0.134208
10 0.314977 0.621750 0.126938 0.258111
10 0.171859 0.760250 0.169250 0.343667
10 0.217492 0.579569 0.187500 0.241889
10 0.104246 0.528687 0.156805 0.193208
10 0.210855 0.432896 0.104539 0.137319
11 0.855906 0.700514 0.155141 0.271389
3 0.242379 0.896826 0.073008 0.162236
3 0.373051 0.939604 0.100383 0.112097
3 0.524461 0.873896 0.064719 0.193069
3 0.761738 0.898972 0.063055 0.178611
3 0.742242 0.748597 0.053922 0.131278
2 0.785801 0.416597 0.029867 0.057528
2 0.846777 0.532375 0.030695 0.070806
2 0.924352 0.612021 0.041484 0.061958
1 0.237406 0.792847 0.026547 0.078167
1 0.253996 0.743437 0.029867 0.088486
1 0.290086 0.786062 0.025719 0.073736
0 0.325348 0.761139 0.044805 0.103250
0 0.329078 0.852583 0.034016 0.088500
0 0.273078 0.951257 0.066375 0.085542
0 0.098023 0.664451 0.039828 0.086875
