2 0.676699 0.460840 0.029039 0.057514
2 0.890336 0.755826 0.041484 0.101764
2 0.952559 0.831931 0.058070 0.109139
2 0.957949 0.711576 0.048945 0.095875
2 0.918957 0.584076 0.037336 0.079792
2 0.386742 0.514083 0.026547 0.063417
2 0.106316 0.740340 0.063055 0.073736
2 0.160660 0.688125 0.043977 0.072278
2 0.285105 0.536062 0.038992 0.057514
2 0.377613 0.454347 0.019914 0.047194
2 0.392547 0.382007 0.018250 0.035542
2 0.315805 0.386361 0.019078 0.044250
2 0.553914 0.345132 0.019078 0.032292
2 0.553086 0.307521 0.015766 0.028181
5 0.636047 0.350222 0.034016 0.054583
2 0.523215 0.306708 0.019086 0.029500
3 0.318297 0.311208 0.017422 0.032306
10 0.348160 0.409368 0.047289 0.140125
0 0.238648 0.641667 0.035672 0.061944
