3 0.179125 0.916403 0.069969 0.143028
7 0.908707 0.904250 0.105867 0.158167
10 0.284730 0.599194 0.148930 0.217472
10 0.736281 0.805549 0.150719 0.384181
10 0.850094 0.665535 0.145281 0.308097
10 0.083527 0.818868 0.148930 0.352542
10 0.408531 0.413917 0.081531 0.109111
10 0.492770 0.360472 0.078836 0.099333
10 0.616594 0.392854 0.047906 0.138181
10 0.689414 0.429257 0.042422 0.110653
10 0.747207 0.511813 0.092461 0.188319
11 0.278352 0.769139 0.097969 0.210361
3 0.237387 0.948792 0.064508 0.096361
0 0.344813 0.772382 0.034031 0.070069
6 0.672152 0.540076 0.064617 0.144042
3 0.626133 0.491597 0.031578 0.070972
3 0.470453 0.440556 0.031578 0.054722
5 0.523254 0.873500 0.069305 0.190222
1 0.171355 0.816174 0.027398 0.047153
5 0.325734 0.917000 0.072125 0.166000
