1 0.276395 0.661583 0.021570 0.075222
1 0.806125 0.687243 0.024062 0.067847
1 0.786215 0.587757 0.019086 0.063264
1 0.737266 0.542847 0.017422 0.061944
1 0.614477 0.432889 0.015766 0.045583
1 0.691633 0.417479 0.017422 0.041292
0 0.240723 0.932229 0.048117 0.117986
0 0.287594 0.855458 0.034016 0.100139
0 0.305437 0.641667 0.024891 0.082583
0 0.265613 0.529424 0.028211 0.070792
0 0.746809 0.898972 0.038164 0.131417
0 0.795758 0.879132 0.033187 0.126847
0 0.937625 0.775743 0.048125 0.115042
0 0.901121 0.677069 0.036508 0.091444
0 0.861297 0.527208 0.023234 0.060472
0 0.849684 0.493437 0.023227 0.072264
0 0.511602 0.441007 0.024062 0.055903
2 0.884113 0.593653 0.037336 0.066222
3 0.522801 0.876847 0.069695 0.175667
3 0.665914 0.474187 0.034016 0.086875
4 0.353969 0.456417 0.032359 0.063417
10 0.103828 0.521389 0.152656 0.175361
10 0.163148 0.565562 0.155141 0.193208
10 0.210437 0.439486 0.103703 0.135639
6 0.124156 0.718285 0.194969 0.256486
