10 0.331648 0.506306 0.089984 0.182833
4 0.559820 0.331729 0.026422 0.044431
5 0.634809 0.350778 0.032133 0.057139
3 0.509828 0.345701 0.023562 0.049514
3 0.556965 0.393937 0.024992 0.049514
3 0.550180 0.458056 0.037141 0.073639
3 0.319504 0.312688 0.021430 0.034292
2 0.872980 0.548201 0.045711 0.063486
2 0.827633 0.508208 0.023563 0.072361
2 0.317008 0.386326 0.022141 0.046986
2 0.917258 0.680243 0.044281 0.086347
2 0.696582 0.428861 0.027133 0.048250
2 0.268797 0.572326 0.031422 0.058403
2 0.238445 0.640250 0.039281 0.067278
2 0.158816 0.688500 0.039992 0.082528
10 0.633379 0.506306 0.086414 0.180278
