3 0.475098 0.412174 0.040648 0.054569
0 0.273492 0.547931 0.027375 0.066222
0 0.298383 0.441743 0.019078 0.051764
0 0.359363 0.398965 0.019914 0.045569
0 0.704496 0.609069 0.023227 0.073750
9 0.731875 0.769910 0.077984 0.162097
2 0.748879 0.676257 0.040648 0.083931
2 0.831430 0.559660 0.044797 0.092931
1 0.190527 0.820139 0.022398 0.076694
1 0.800320 0.805972 0.027375 0.081111
1 0.770453 0.515417 0.015766 0.057528
1 0.660937 0.420285 0.012438 0.050153
3 0.335301 0.597271 0.064711 0.079653
3 0.524461 0.876111 0.064719 0.188639
3 0.775844 0.931417 0.077984 0.125222
3 0.814008 0.458035 0.034844 0.054569
10 0.897387 0.803174 0.203258 0.390847
10 0.103832 0.520722 0.155977 0.179944
10 0.210441 0.431347 0.097070 0.122417
