3 0.523883 0.878174 0.071141 0.206903
11 0.673281 0.531458 0.072187 0.163194
10 0.748789 0.810556 0.138047 0.378889
4 0.300195 0.577500 0.045547 0.091667
0 0.346328 0.919681 0.057813 0.129639
3 0.257809 0.890715 0.083289 0.162264
3 0.171918 0.839424 0.064445 0.143014
3 0.236688 0.791535 0.064437 0.121403
3 0.309203 0.763326 0.062375 0.121375
3 0.277227 0.679458 0.071141 0.103361
3 0.162480 0.729083 0.078945 0.122333
3 0.244375 0.606965 0.059375 0.087542
3 0.350082 0.528187 0.064680 0.064458
3 0.276945 0.538854 0.060328 0.071875
3 0.319422 0.485243 0.031469 0.063542
10 0.878809 0.725653 0.225898 0.331028
5 0.468699 0.467014 0.046148 0.071806
10 0.407848 0.410132 0.119461 0.138597
