10 0.901164 0.786868 0.194969 0.384958
6 0.872953 0.560472 0.088766 0.203528
10 0.170246 0.620944 0.183352 0.238944
10 0.106359 0.534660 0.153484 0.202069
10 0.207992 0.435840 0.104531 0.137181
10 0.356500 0.428465 0.136062 0.146014
9 0.273949 0.616514 0.058898 0.106194
9 0.650609 0.486729 0.053922 0.132736
3 0.524090 0.875368 0.063055 0.205014
3 0.333270 0.920354 0.086289 0.123903
3 0.792477 0.770646 0.078812 0.131264
3 0.741871 0.537611 0.040648 0.075222
3 0.495879 0.436576 0.031523 0.056042
3 0.429922 0.499264 0.042312 0.063417
5 0.738965 0.626104 0.048117 0.131264
2 0.102211 0.796458 0.052266 0.106194
2 0.354012 0.488937 0.039820 0.078181
2 0.811559 0.556785 0.029039 0.066375
2 0.806996 0.514750 0.026555 0.059000
2 0.474309 0.417403 0.026555 0.061944
1 0.230395 0.789819 0.028211 0.075222
1 0.400055 0.508854 0.024063 0.053097
1 0.789574 0.682153 0.019914 0.072278
1 0.785426 0.575215 0.016586 0.053097
1 0.734820 0.442479 0.016594 0.044236
1 0.708684 0.422569 0.027383 0.063417
1 0.694582 0.421097 0.020742 0.045722
0 0.254035 0.716819 0.029039 0.073750
0 0.290957 0.696903 0.034852 0.089972
0 0.660148 0.612833 0.028203 0.075222
0 0.773813 0.510326 0.024891 0.067847
