2 0.189699 0.625292 0.047289 0.073750
2 0.887844 0.869542 0.053094 0.116528
2 0.878723 0.530160 0.046461 0.081125
2 0.319539 0.961729 0.059734 0.067847
2 0.260219 0.500000 0.022406 0.059139
7 0.271832 0.554646 0.038992 0.085542
11 0.290086 0.654944 0.108688 0.182889
4 0.313316 0.864972 0.062227 0.151917
3 0.525293 0.878979 0.063055 0.185847
10 0.738512 0.477944 0.089602 0.182889
10 0.436520 0.394465 0.089602 0.116514
1 0.329082 0.547861 0.020742 0.039833
0 0.168543 0.682153 0.038164 0.069167
0 0.361020 0.527951 0.021570 0.067847
0 0.889094 0.719840 0.034016 0.103236
0 0.831016 0.500000 0.025719 0.059139
0 0.281375 0.467625 0.019906 0.044250
1 0.210855 0.527951 0.019914 0.047208
