10 0.347789 0.403396 0.042313 0.128319
2 0.159457 0.685840 0.043977 0.079653
2 0.341566 0.573750 0.028211 0.073750
2 0.383879 0.455014 0.019914 0.048667
2 0.313773 0.388646 0.015766 0.039819
2 0.703293 0.442479 0.029867 0.056042
2 0.755973 0.463868 0.022398 0.054569
2 0.811559 0.522861 0.024055 0.051611
2 0.919000 0.577438 0.034844 0.069319
2 0.978734 0.681417 0.041484 0.097333
5 0.636504 0.347347 0.030695 0.057528
5 0.453980 0.618736 0.037336 0.107667
3 0.765930 0.812688 0.073844 0.141597
3 0.318750 0.311208 0.019078 0.035389
6 0.536531 0.330382 0.039828 0.067847
10 0.442781 0.438792 0.034844 0.119472
3 0.484262 0.287611 0.021570 0.035389
