0 0.339449 0.820132 0.038164 0.097347
0 0.281375 0.779569 0.041484 0.092917
0 0.302117 0.643729 0.028203 0.084069
0 0.325758 0.511875 0.025719 0.059000
0 0.341105 0.432896 0.021570 0.048819
0 0.302531 0.443215 0.019078 0.069458
0 0.743070 0.901104 0.034016 0.112097
0 0.789949 0.794250 0.028211 0.090111
0 0.974961 0.749264 0.026547 0.079500
0 0.936379 0.730160 0.029039 0.094403
1 0.290918 0.706417 0.022398 0.064889
1 0.385082 0.902653 0.029867 0.079500
1 0.884527 0.813500 0.026555 0.092917
1 0.913566 0.754424 0.028211 0.093069
1 0.738922 0.560472 0.025719 0.059139
9 0.783723 0.566368 0.047289 0.120792
5 0.772938 0.431486 0.034016 0.075222
3 0.526535 0.877507 0.065539 0.176986
3 0.725648 0.673306 0.052266 0.113722
3 0.689562 0.559806 0.043141 0.087028
3 0.855488 0.561132 0.039820 0.081125
3 0.488785 0.424778 0.036508 0.050000
3 0.512434 0.379799 0.030695 0.042625
2 0.286770 0.496313 0.030695 0.051764
2 0.440250 0.386361 0.034016 0.044250
2 0.807785 0.471167 0.029039 0.072278
10 0.156930 0.689451 0.152656 0.281708
10 0.104660 0.536208 0.157633 0.216806
10 0.208781 0.436500 0.100391 0.138639
