3 0.296094 0.757125 0.062031 0.116861
5 0.344094 0.619021 0.058063 0.094736
3 0.284621 0.646542 0.057992 0.085806
3 0.293605 0.550174 0.050023 0.061875
3 0.253629 0.626986 0.056008 0.071583
3 0.391074 0.480951 0.034555 0.051181
9 0.328578 0.864201 0.077687 0.158819
3 0.240617 0.940833 0.070016 0.118333
12 0.208879 0.758500 0.094945 0.182167
5 0.525988 0.880646 0.068445 0.190042
10 0.682184 0.620736 0.114539 0.277417
10 0.901777 0.744285 0.196445 0.336986
10 0.706996 0.429743 0.094945 0.182153
10 0.622695 0.384514 0.049453 0.122639
6 0.839145 0.493951 0.071242 0.140986
3 0.798000 0.753875 0.070094 0.118083
3 0.491273 0.446319 0.035109 0.042639
3 0.361641 0.525097 0.055469 0.060083
5 0.738496 0.816514 0.065977 0.180306
5 0.459102 0.426132 0.044766 0.061069
