9 0.789535 0.695424 0.107023 0.199264
10 0.271418 0.527215 0.160945 0.190264
10 0.374707 0.433625 0.105367 0.141444
10 0.207953 0.432153 0.102047 0.121083
10 0.106320 0.515569 0.160953 0.157806
0 0.271004 0.837757 0.035680 0.097486
0 0.313730 0.924778 0.041477 0.100444
0 0.305434 0.817771 0.038164 0.084069
0 0.309996 0.724257 0.032352 0.082597
0 0.355211 0.921757 0.041484 0.103236
0 0.399602 0.906340 0.043969 0.110764
0 0.426977 0.865049 0.042312 0.101625
0 0.865859 0.938715 0.060562 0.101764
0 0.903605 0.600958 0.029867 0.078167
0 0.397523 0.477215 0.016594 0.051625
1 0.089727 0.811944 0.034844 0.087167
1 0.271832 0.601840 0.027383 0.064903
1 0.804469 0.947569 0.035672 0.092917
1 0.811930 0.863569 0.025719 0.087167
1 0.901535 0.825299 0.038992 0.095875
1 0.976621 0.907813 0.029867 0.093069
1 0.793266 0.564090 0.018250 0.054569
1 0.753855 0.567035 0.014102 0.057514
1 0.735191 0.612090 0.023227 0.055903
1 0.729383 0.483847 0.014938 0.044250
2 0.362680 0.496979 0.026547 0.041292
3 0.133285 0.916590 0.072180 0.140125
3 0.179742 0.767778 0.073844 0.122417
3 0.225375 0.831049 0.067203 0.146014
3 0.521559 0.881194 0.063883 0.184361
3 0.356457 0.824486 0.080477 0.141444
3 0.287598 0.702806 0.063883 0.110472
3 0.235742 0.678389 0.069688 0.091444
3 0.333227 0.616521 0.070516 0.082736
3 0.690391 0.617181 0.049781 0.104722
3 0.710715 0.522861 0.055586 0.087167
3 0.426148 0.466153 0.035672 0.059000
5 0.348574 0.564229 0.091258 0.095875
