3 0.141223 0.939861 0.087555 0.120278
3 0.317426 0.656681 0.075023 0.085250
3 0.518766 0.873229 0.078859 0.198542
3 0.805645 0.846083 0.085633 0.153111
3 0.703559 0.738597 0.059398 0.107250
3 0.854262 0.729833 0.075930 0.125778
3 0.377547 0.586278 0.063547 0.061028
3 0.442191 0.473951 0.046742 0.051931
3 0.767145 0.591299 0.051711 0.110542
4 0.739941 0.639701 0.065508 0.133653
10 0.075590 0.814236 0.148820 0.371528
10 0.249637 0.606069 0.183961 0.249417
10 0.347172 0.464646 0.134250 0.147903
10 0.438266 0.393840 0.092062 0.118681
10 0.624699 0.344111 0.036117 0.106778
10 0.676305 0.354069 0.046922 0.120750
0 0.975520 0.949458 0.048961 0.098278
0 0.931352 0.783187 0.054531 0.113097
0 0.836246 0.564167 0.026289 0.065556
0 0.895941 0.550903 0.029039 0.066222
2 0.877055 0.946111 0.057828 0.107778
2 0.909520 0.871493 0.048570 0.105181
4 0.816824 0.748938 0.064148 0.122125
2 0.714063 0.851271 0.054984 0.138292
3 0.220652 0.806111 0.078914 0.112222
3 0.277590 0.834819 0.070148 0.117667
3 0.274297 0.947028 0.086750 0.105944
