2 0.159418 0.683556 0.038164 0.081111
2 0.205879 0.694764 0.054758 0.070806
2 0.314559 0.388646 0.019914 0.045569
2 0.374711 0.365042 0.017422 0.033778
2 0.703668 0.437243 0.029867 0.051625
2 0.824379 0.543507 0.029039 0.066514
2 0.882453 0.531715 0.027375 0.060319
2 0.959609 0.707306 0.052266 0.078167
9 0.692051 0.503764 0.079648 0.110611
9 0.530680 0.362021 0.034016 0.078181
5 0.635633 0.345139 0.034844 0.056194
10 0.348160 0.404792 0.047289 0.137167
3 0.317879 0.310472 0.021570 0.022278
3 0.437348 0.376181 0.024883 0.041306
3 0.759664 0.789819 0.070516 0.128167
