0 0.388813 0.830458 0.042312 0.091444
0 0.233258 0.835472 0.043141 0.084083
0 0.178500 0.770722 0.041484 0.101778
0 0.239063 0.767035 0.054750 0.088486
0 0.394621 0.479354 0.024055 0.055903
0 0.418266 0.476333 0.028203 0.061944
2 0.884527 0.929944 0.056414 0.116667
0 0.789531 0.626181 0.025719 0.072278
0 0.887430 0.620208 0.032359 0.066222
0 0.924352 0.640785 0.031531 0.084069
0 0.809027 0.523674 0.023227 0.061958
0 0.775426 0.488125 0.020742 0.044250
0 0.879965 0.551549 0.027383 0.067847
0 0.301285 0.887174 0.044805 0.104569
0 0.332395 0.863569 0.038992 0.104583
0 0.350238 0.821611 0.046461 0.094389
3 0.525707 0.879799 0.062227 0.178319
3 0.797000 0.925590 0.087109 0.131264
3 0.323688 0.752875 0.068031 0.104722
3 0.270590 0.687979 0.064711 0.104708
3 0.204633 0.720500 0.060563 0.098972
3 0.328664 0.616521 0.086281 0.097486
3 0.356039 0.571604 0.068031 0.084069
3 0.490449 0.417403 0.029867 0.059139
5 0.474684 0.436507 0.039820 0.050153
10 0.099266 0.647493 0.171734 0.235847
10 0.316633 0.483778 0.136891 0.165333
10 0.406652 0.415264 0.097898 0.131278
10 0.104246 0.525076 0.156805 0.197792
10 0.210441 0.433556 0.098727 0.132750
