10 0.452285 0.409292 0.081305 0.122278
10 0.367656 0.430014 0.117813 0.140111
10 0.270176 0.536875 0.131914 0.185694
10 0.098430 0.689535 0.194984 0.290708
10 0.104242 0.522125 0.161781 0.191889
10 0.207949 0.436576 0.100383 0.135542
6 0.256488 0.853243 0.106195 0.243514
3 0.167297 0.824486 0.057250 0.120806
3 0.169785 0.719840 0.073836 0.094403
3 0.304191 0.677063 0.045633 0.085542
3 0.314559 0.778097 0.064711 0.101778
3 0.524461 0.878389 0.063047 0.181417
3 0.745977 0.834882 0.064719 0.147486
3 0.491277 0.449042 0.031523 0.048667
3 0.515336 0.410104 0.028203 0.047208
5 0.078113 0.828840 0.116148 0.159292
5 0.407895 0.473521 0.045633 0.070792
5 0.451867 0.473528 0.042313 0.059000
2 0.345258 0.928396 0.051438 0.116514
2 0.319539 0.854056 0.049781 0.106194
2 0.259801 0.642993 0.033195 0.094403
2 0.834750 0.502944 0.041484 0.085694
0 0.226203 0.658556 0.027375 0.066528
0 0.294648 0.607674 0.026547 0.055903
0 0.361437 0.555972 0.032359 0.050139
0 0.651812 0.833333 0.034016 0.100444
0 0.777090 0.755090 0.037336 0.082597
0 0.791605 0.656271 0.028211 0.088486
0 0.821477 0.556785 0.033188 0.063264
0 0.935965 0.654938 0.024883 0.067847
1 0.083918 0.882667 0.044805 0.078167
1 0.904438 0.939528 0.026547 0.103389
1 0.921035 0.696903 0.029867 0.072417
1 0.773352 0.446097 0.016594 0.060472
