2 0.240187 0.950229 0.061000 0.092125
6 0.804805 0.874701 0.124609 0.250597
3 0.374695 0.954993 0.118625 0.090014
10 0.110590 0.826875 0.181320 0.344583
10 0.847133 0.664229 0.139484 0.307375
10 0.638660 0.496743 0.073930 0.189292
10 0.492828 0.371208 0.080125 0.111472
10 0.225121 0.536472 0.162414 0.190944
10 0.366594 0.461986 0.108062 0.152139
6 0.714328 0.543292 0.064625 0.143139
3 0.687668 0.634944 0.058102 0.110389
3 0.757500 0.740139 0.058594 0.113056
2 0.952070 0.868840 0.065000 0.176542
5 0.526602 0.878500 0.069312 0.183833
5 0.304020 0.741931 0.049148 0.133917
3 0.325531 0.581910 0.061281 0.057181
12 0.243797 0.765917 0.051938 0.144083
11 0.404332 0.498681 0.083367 0.110417
5 0.695340 0.409465 0.030352 0.064681
6 0.760578 0.332132 0.035547 0.079681
3 0.298594 0.651111 0.061250 0.068611
