10 0.124988 0.618736 0.176711 0.246167
10 0.105488 0.530236 0.155977 0.198972
10 0.210027 0.433556 0.097898 0.132750
3 0.202559 0.905611 0.074664 0.141444
3 0.524047 0.876771 0.065547 0.187319
3 0.308340 0.432229 0.029039 0.050153
2 0.053223 0.874701 0.056414 0.112097
2 0.486297 0.410694 0.023234 0.039833
2 0.335301 0.458042 0.021570 0.048667
1 0.452281 0.424847 0.031531 0.044250
1 0.442324 0.472785 0.021570 0.051625
1 0.838484 0.843729 0.034016 0.070792
1 0.696199 0.611354 0.021570 0.069181
1 0.646418 0.423229 0.014930 0.050153
0 0.317879 0.633410 0.026555 0.084069
0 0.256484 0.564972 0.023234 0.070806
0 0.846777 0.587021 0.027383 0.076847
0 0.804465 0.550215 0.019086 0.067847
0 0.764227 0.473375 0.016594 0.061944
0 0.827695 0.470500 0.024062 0.052944
