10 0.719887 0.502208 0.089602 0.196167
10 0.212141 0.519910 0.141047 0.184375
10 0.102625 0.529500 0.154313 0.191750
10 0.209652 0.436576 0.107852 0.144542
6 0.482605 0.379056 0.054758 0.085556
9 0.398395 0.412243 0.037336 0.087014
7 0.717812 0.697639 0.058906 0.156333
4 0.358988 0.575958 0.046461 0.089972
4 0.446102 0.478611 0.044797 0.078167
4 0.828152 0.529500 0.035680 0.073750
5 0.249063 0.679937 0.068859 0.126847
3 0.287641 0.720507 0.061391 0.098819
3 0.524914 0.882743 0.068031 0.202069
3 0.791234 0.557521 0.034844 0.088486
3 0.766348 0.424042 0.029867 0.051611
3 0.307965 0.588500 0.063883 0.091444
3 0.398809 0.541299 0.046461 0.070792
3 0.376824 0.515486 0.053930 0.066361
3 0.361477 0.456486 0.036500 0.057528
3 0.467258 0.450590 0.042312 0.048681
2 0.787086 0.724924 0.039828 0.101764
2 0.495883 0.408549 0.024891 0.053097
2 0.521598 0.379792 0.018258 0.045722
1 0.307551 0.738201 0.028211 0.069319
1 0.337414 0.665188 0.016594 0.067847
1 0.629453 0.447639 0.014938 0.048667
1 0.753070 0.615042 0.019906 0.064889
0 0.271043 0.859146 0.038164 0.104708
0 0.164852 0.862090 0.044797 0.113569
0 0.118805 0.786132 0.057250 0.097347
0 0.789160 0.606931 0.022398 0.072278
0 0.962973 0.918139 0.046461 0.101778
