10 0.117145 0.643069 0.226492 0.241889
10 0.104699 0.525069 0.156805 0.179944
1 0.256941 0.817847 0.028211 0.075222
1 0.321652 0.804569 0.021570 0.078167
1 0.155723 0.717549 0.029867 0.066375
1 0.496711 0.398972 0.016594 0.042778
1 0.516621 0.394542 0.013273 0.039833
1 0.880422 0.759583 0.025719 0.088500
1 0.350277 0.613569 0.020742 0.059000
2 0.136227 0.799410 0.058906 0.097347
2 0.307551 0.621681 0.031523 0.063417
2 0.848477 0.666667 0.043141 0.079639
2 0.884984 0.626111 0.033188 0.075222
2 0.771738 0.450590 0.022398 0.063431
2 0.837277 0.512542 0.038992 0.089972
7 0.370602 0.559021 0.049781 0.109181
3 0.525332 0.877583 0.060570 0.179944
3 0.470574 0.463125 0.037336 0.044250
5 0.300496 0.726403 0.053930 0.131278
5 0.244496 0.715333 0.058070 0.135694
0 0.769664 0.775076 0.031531 0.081125
0 0.815707 0.729354 0.030695 0.084069
0 0.982055 0.679208 0.026547 0.078167
0 0.940156 0.643069 0.024062 0.064889
0 0.380559 0.943951 0.063055 0.100292
0 0.332855 0.896757 0.045633 0.094403
0 0.284734 0.867257 0.040656 0.088486
0 0.198453 0.710917 0.034016 0.076694
0 0.433242 0.461646 0.027375 0.053097
1 0.189324 0.865049 0.030695 0.110625
1 0.167754 0.851764 0.022398 0.075222
10 0.246984 0.479354 0.101219 0.162236
10 0.405863 0.409292 0.133570 0.137167
6 0.269367 0.582569 0.141078 0.188750
