7 0.815668 0.617924 0.056414 0.112097
7 0.716523 0.761854 0.058906 0.172597
3 0.193848 0.852507 0.060570 0.123736
3 0.297137 0.731632 0.049773 0.097347
3 0.525703 0.884222 0.065469 0.198972
3 0.797414 0.786875 0.059734 0.131417
3 0.633145 0.386354 0.028211 0.050153
3 0.655957 0.429278 0.029039 0.044250
0 0.122082 0.724111 0.034852 0.073750
0 0.748465 0.466153 0.021570 0.059000
0 0.771695 0.443882 0.018250 0.050153
0 0.822719 0.483042 0.020734 0.069167
1 0.249020 0.769840 0.023227 0.070792
1 0.282617 0.819979 0.025719 0.067847
1 0.281375 0.665118 0.023234 0.064903
1 0.774188 0.535472 0.016594 0.059000
10 0.196750 0.601771 0.142703 0.226986
10 0.366000 0.505167 0.126109 0.178611
10 0.290500 0.471903 0.159297 0.179944
10 0.210855 0.430604 0.101211 0.132736
10 0.102172 0.521389 0.151000 0.178611
6 0.416191 0.390049 0.078820 0.098819
10 0.701176 0.512465 0.082961 0.207958
