10 0.162777 0.578174 0.135227 0.221236
10 0.106363 0.524333 0.165102 0.196167
10 0.206332 0.418882 0.099555 0.109153
10 0.688359 0.457965 0.066375 0.172569
6 0.429508 0.419618 0.061391 0.078181
9 0.315848 0.553097 0.063055 0.109139
4 0.315016 0.765486 0.051437 0.123889
4 0.433238 0.488201 0.047289 0.073736
3 0.235371 0.902653 0.073008 0.138639
3 0.524918 0.879792 0.071352 0.196167
3 0.200523 0.767694 0.086281 0.137167
3 0.236199 0.668875 0.066367 0.078167
3 0.294691 0.691007 0.065539 0.095875
3 0.459789 0.460181 0.035672 0.044250
2 0.504176 0.426993 0.029867 0.054569
1 0.293445 0.872417 0.023234 0.092917
1 0.973344 0.825958 0.025719 0.091444
1 0.368941 0.376111 0.013273 0.047194
0 0.367699 0.525069 0.024055 0.059000
0 0.777543 0.924778 0.038992 0.118000
0 0.742699 0.778028 0.030695 0.092917
0 0.773395 0.740417 0.029039 0.094389
0 0.950527 0.741153 0.029867 0.107667
0 0.786254 0.452799 0.014930 0.038347
0 0.336586 0.453542 0.026547 0.045722
