3 0.736699 0.937306 0.064242 0.118972
1 0.674414 0.946340 0.035391 0.091847
1 0.118000 0.895111 0.035391 0.091861
1 0.624625 0.583340 0.035391 0.091847
3 0.617578 0.459035 0.026766 0.052347
3 0.657734 0.486396 0.040156 0.049958
3 0.659727 0.617292 0.036172 0.078472
3 0.699895 0.854021 0.046852 0.142764
1 0.639938 0.566021 0.035391 0.091847
2 0.658031 0.548701 0.035391 0.091847
2 0.093652 0.839410 0.045117 0.123958
3 0.232066 0.951972 0.077945 0.089083
4 0.870219 0.917333 0.070984 0.153417
4 0.847258 0.836917 0.058453 0.116306
11 0.778359 0.804750 0.068203 0.249917
11 0.712250 0.678556 0.058453 0.185583
10 0.949703 0.789042 0.094594 0.328972
