2 0.731469 0.865271 0.078953 0.164736
11 0.704645 0.705076 0.058523 0.157903
3 0.670648 0.519382 0.044797 0.109181
2 0.708598 0.528549 0.038742 0.073458
9 0.820332 0.769444 0.190117 0.391306
9 0.376117 0.499514 0.106516 0.146806
2 0.523047 0.874812 0.072188 0.194292
2 0.276070 0.825576 0.062078 0.136153
1 0.310020 0.730125 0.045430 0.102111
12 0.386102 0.837611 0.037313 0.122778
12 0.348258 0.836167 0.037312 0.114056
0 0.293344 0.881486 0.030344 0.100639
0 0.314121 0.845833 0.029117 0.096667
3 0.314391 0.654424 0.058937 0.123931
9 0.190539 0.756694 0.151734 0.324222
2 0.485348 0.472965 0.046805 0.058986
2 0.566578 0.469174 0.032937 0.076681
2 0.506035 0.431132 0.036992 0.056708
2 0.524121 0.374576 0.036758 0.049986
9 0.254773 0.558757 0.148422 0.160292
