10 0.257047 0.556167 0.125562 0.199806
10 0.319191 0.561764 0.125570 0.199806
10 0.814789 0.723986 0.190891 0.356333
10 0.804555 0.589028 0.148391 0.285000
10 0.635039 0.484812 0.072109 0.185653
5 0.523727 0.886215 0.064766 0.197347
3 0.255473 0.715597 0.065258 0.091944
2 0.294020 0.774333 0.039977 0.104472
3 0.314895 0.715951 0.045836 0.095042
3 0.399215 0.494500 0.041102 0.054333
3 0.474402 0.471653 0.041102 0.054333
3 0.506586 0.411729 0.031516 0.042792
3 0.470207 0.420799 0.031305 0.035625
3 0.444488 0.452986 0.043367 0.042806
10 0.935414 0.635354 0.129172 0.284847
2 0.915039 0.707875 0.058469 0.131750
2 0.923164 0.956229 0.049437 0.087542
6 0.662773 0.401632 0.031141 0.098264
10 0.765234 0.821833 0.171250 0.356333
1 0.261422 0.960104 0.032250 0.061542
