2 0.923238 0.655660 0.047758 0.091986
0 0.346059 0.373181 0.023227 0.056056
2 0.022316 0.869708 0.044633 0.116750
2 0.230703 0.825486 0.045766 0.106139
2 0.933684 0.781264 0.048758 0.127361
2 0.704828 0.473465 0.036813 0.060153
2 0.384434 0.385903 0.022883 0.054833
2 0.873984 0.557493 0.034828 0.068986
9 0.813285 0.656549 0.114430 0.164514
10 0.357070 0.844056 0.139297 0.309556
10 0.670504 0.378826 0.067664 0.107903
5 0.632766 0.347306 0.025516 0.052667
3 0.318422 0.312160 0.023922 0.040764
0 0.789379 0.487583 0.030898 0.062028
