0 0.224543 0.672493 0.037336 0.073736
10 0.347332 0.404132 0.043977 0.126986
2 0.161906 0.685104 0.044797 0.086875
2 0.315391 0.390778 0.019906 0.047194
2 0.383836 0.467556 0.024062 0.056194
2 0.685828 0.412903 0.027375 0.044250
2 0.746391 0.497785 0.034016 0.060319
2 0.926422 0.769910 0.052266 0.100153
2 0.960023 0.708771 0.049781 0.098819
2 0.877473 0.511875 0.029039 0.059000
9 0.339863 0.660104 0.063883 0.119458
3 0.727309 0.902729 0.083789 0.156347
3 0.617383 0.590639 0.051437 0.092917
3 0.531098 0.318583 0.023227 0.035250
3 0.318293 0.310396 0.020742 0.033931
5 0.638125 0.349556 0.034844 0.059139
