1 0.852586 0.712389 0.025719 0.073611
10 0.102172 0.744764 0.202437 0.306778
10 0.253996 0.532528 0.142695 0.197639
10 0.278055 0.454208 0.127766 0.168139
10 0.213344 0.437319 0.099562 0.131417
6 0.835578 0.482299 0.071344 0.153542
4 0.658445 0.469097 0.034016 0.061944
2 0.807371 0.933701 0.074664 0.129792
0 0.035801 0.910771 0.048117 0.104569
0 0.307922 0.840042 0.036500 0.119472
0 0.248188 0.764674 0.038156 0.101764
0 0.228277 0.672562 0.044805 0.079792
0 0.362680 0.450667 0.021578 0.060472
0 0.762566 0.752951 0.029867 0.086875
0 0.948824 0.808187 0.035680 0.112097
0 0.932230 0.592917 0.027383 0.079500
3 0.524461 0.876924 0.063047 0.190264
3 0.204633 0.900514 0.082141 0.148972
3 0.396281 0.528833 0.052266 0.060472
3 0.387984 0.471979 0.039000 0.059153
3 0.773770 0.573083 0.037336 0.081111
1 0.329082 0.778687 0.029039 0.073736
1 0.323273 0.631271 0.025719 0.055903
1 0.356871 0.506563 0.019914 0.054569
1 0.487125 0.419687 0.018250 0.051625
1 0.654715 0.549333 0.023227 0.057528
1 0.698270 0.817924 0.022398 0.081125
1 0.619871 0.492625 0.021570 0.055889
1 0.789117 0.488125 0.018250 0.059000
