0 0.236613 0.640854 0.047289 0.084069
2 0.917758 0.580382 0.034016 0.078181
2 0.961313 0.706493 0.044797 0.094403
2 0.933102 0.750000 0.049781 0.101778
2 0.313773 0.387903 0.019078 0.047194
2 0.307965 0.541299 0.029039 0.061958
2 0.272293 0.556049 0.030695 0.067847
2 0.291309 0.650660 0.043242 0.085264
2 0.161594 0.688396 0.044813 0.082458
3 0.320008 0.314528 0.022016 0.036333
4 0.808215 0.642972 0.061320 0.097833
5 0.636437 0.349472 0.035375 0.061500
10 0.346734 0.403278 0.047172 0.129972
10 0.403340 0.412368 0.058180 0.139764
