2 0.137711 0.854354 0.070094 0.140986
3 0.217441 0.942229 0.069258 0.115542
3 0.270270 0.807736 0.066633 0.114111
3 0.305324 0.693618 0.049070 0.120125
2 0.192969 0.738750 0.042344 0.099167
1 0.236023 0.717646 0.027031 0.069069
1 0.632180 0.812312 0.027031 0.069069
1 0.649082 0.864868 0.030430 0.096097
1 0.660066 0.801792 0.027055 0.108083
1 0.697203 0.777785 0.027000 0.081097
1 0.258023 0.672674 0.027031 0.069069
3 0.710262 0.892639 0.059961 0.151500
11 0.784207 0.838514 0.081164 0.274778
10 0.953125 0.822167 0.091250 0.328778
