10 0.424574 0.392076 0.117414 0.146403
11 0.695863 0.586736 0.080164 0.191528
3 0.523469 0.878986 0.071141 0.206917
12 0.685930 0.875583 0.057813 0.129639
3 0.222375 0.939493 0.068656 0.121014
10 0.887633 0.735236 0.224734 0.360917
4 0.413941 0.947944 0.102898 0.104111
3 0.160785 0.917354 0.065305 0.160542
3 0.265980 0.859326 0.081320 0.152819
3 0.242504 0.770813 0.065305 0.114958
3 0.306098 0.705521 0.054211 0.116597
3 0.198039 0.747639 0.071141 0.118333
3 0.217168 0.645667 0.073633 0.091889
3 0.347445 0.587278 0.071141 0.100389
3 0.401238 0.481722 0.060008 0.059944
4 0.308453 0.543917 0.047313 0.090333
3 0.327238 0.495486 0.064898 0.059944
3 0.275559 0.549958 0.044086 0.063250
1 0.737777 0.740868 0.044195 0.113681
1 0.674797 0.736812 0.044469 0.117764
0 0.378496 0.847375 0.051133 0.129639
0 0.322516 0.878701 0.051063 0.110736
0 0.342129 0.780215 0.041055 0.118764
10 0.119902 0.629278 0.214883 0.237167
3 0.343344 0.435715 0.040969 0.059958
3 0.472297 0.462083 0.052281 0.072778
