0 0.236172 0.646653 0.042344 0.086972
5 0.636875 0.348896 0.034016 0.054569
3 0.397109 0.552361 0.042312 0.069472
3 0.445645 0.427063 0.023227 0.048681
3 0.318707 0.311208 0.023227 0.035556
4 0.534000 0.395285 0.032359 0.076847
7 0.511187 0.315639 0.019906 0.050000
10 0.348574 0.411431 0.044805 0.135694
2 0.199238 0.944618 0.054758 0.107681
2 0.159000 0.687319 0.042312 0.079500
2 0.339035 0.556118 0.030695 0.067847
2 0.271418 0.558993 0.028211 0.062097
2 0.306262 0.541958 0.029867 0.063417
2 0.312484 0.390118 0.017422 0.045875
2 0.398770 0.387167 0.019086 0.045861
2 0.955461 0.708771 0.048953 0.098819
2 0.876645 0.625368 0.038992 0.079792
2 0.915641 0.581118 0.032359 0.070653
