3 0.294844 0.808340 0.070250 0.120625
10 0.460484 0.398229 0.092156 0.126042
10 0.667969 0.579229 0.110781 0.259597
10 0.770512 0.835194 0.165695 0.317389
3 0.160137 0.813847 0.074883 0.120639
3 0.374211 0.592583 0.064234 0.054833
3 0.267277 0.637479 0.064242 0.075319
3 0.171570 0.964278 0.075766 0.071444
3 0.078875 0.971688 0.086781 0.056625
3 0.366211 0.485979 0.051797 0.048319
3 0.373969 0.549097 0.050281 0.050139
5 0.331738 0.545951 0.058977 0.087819
5 0.527785 0.883285 0.068445 0.190042
5 0.269750 0.916715 0.072000 0.161236
2 0.191801 0.702778 0.047820 0.099833
2 0.086105 0.836049 0.053305 0.099847
10 0.186543 0.600590 0.191602 0.227431
10 0.900484 0.732097 0.193719 0.317389
10 0.781520 0.587306 0.095711 0.221500
10 0.620348 0.367847 0.045242 0.132639
10 0.670336 0.346035 0.045266 0.112097
6 0.767703 0.347292 0.038750 0.080556
