0 0.693777 0.871625 0.032602 0.105639
0 0.659324 0.860792 0.035102 0.123139
2 0.522699 0.872097 0.072133 0.192556
1 0.285336 0.950764 0.064016 0.098472
0 0.315285 0.723063 0.032227 0.101264
3 0.692395 0.516625 0.053336 0.094806
2 0.734297 0.519708 0.037641 0.092000
2 0.623535 0.502535 0.062570 0.085764
2 0.657070 0.549354 0.045828 0.079069
3 0.691422 0.596243 0.056578 0.135042
9 0.818621 0.769854 0.190117 0.398264
11 0.724969 0.773396 0.073844 0.176569
2 0.091688 0.763854 0.069594 0.109375
9 0.223129 0.553861 0.142648 0.208278
12 0.324125 0.864840 0.048625 0.132264
9 0.148902 0.820000 0.195008 0.360000
9 0.346496 0.583597 0.165289 0.239417
1 0.216117 0.892576 0.049641 0.119042
2 0.750559 0.927986 0.085320 0.144028
