2 0.524121 0.872757 0.072133 0.192569
2 0.751531 0.925618 0.085312 0.146431
12 0.687090 0.931340 0.040508 0.137319
12 0.665621 0.796924 0.035008 0.134764
11 0.724000 0.771931 0.070891 0.169139
3 0.689746 0.598847 0.056898 0.138250
9 0.819648 0.768319 0.190125 0.391306
9 0.189383 0.797153 0.166500 0.372806
9 0.280789 0.594028 0.150500 0.231833
9 0.115664 0.705417 0.206937 0.315833
12 0.332715 0.850076 0.035664 0.127903
12 0.279738 0.879715 0.038805 0.134764
12 0.286605 0.788132 0.036320 0.124569
12 0.333125 0.770312 0.035000 0.115069
2 0.312602 0.687785 0.069891 0.118625
9 0.458215 0.393306 0.092477 0.126611
