0 0.356457 0.506708 0.037336 0.048667
0 0.287184 0.525153 0.021570 0.059000
0 0.237402 0.539160 0.029867 0.048681
0 0.819816 0.491813 0.021570 0.057514
0 0.772109 0.505826 0.017422 0.064903
0 0.850512 0.565639 0.028211 0.066222
0 0.791191 0.430014 0.019086 0.051611
1 0.229523 0.785396 0.024063 0.069181
1 0.280129 0.587021 0.022398 0.055903
1 0.346500 0.562757 0.017422 0.054569
1 0.789531 0.799333 0.027375 0.088500
1 0.488789 0.404132 0.026547 0.038486
2 0.349820 0.911507 0.060562 0.117847
2 0.429051 0.474118 0.026555 0.057514
2 0.914813 0.575958 0.034016 0.069472
3 0.524875 0.880535 0.068859 0.191597
3 0.853000 0.932076 0.084625 0.129792
3 0.633973 0.429278 0.028211 0.059000
10 0.102172 0.522792 0.152656 0.166667
10 0.213344 0.436576 0.099562 0.144681
10 0.706984 0.511729 0.074672 0.206486
9 0.306266 0.439528 0.036500 0.076833
9 0.815668 0.631194 0.079648 0.179944
