3 0.341523 0.626840 0.060563 0.109292
10 0.415363 0.394465 0.095414 0.116514
10 0.672965 0.401840 0.056414 0.128319
10 0.181008 0.710986 0.192516 0.294972
10 0.150703 0.562757 0.135234 0.163708
10 0.106316 0.512542 0.157633 0.175667
10 0.211684 0.427729 0.099555 0.121097
7 0.819398 0.587764 0.042313 0.125222
3 0.182648 0.909292 0.059734 0.131417
3 0.250262 0.840042 0.055586 0.137167
3 0.265195 0.731493 0.060562 0.115042
3 0.342770 0.548007 0.061398 0.063431
3 0.402090 0.553757 0.065539 0.081125
3 0.495008 0.456417 0.037328 0.063417
3 0.509527 0.411507 0.028211 0.059153
3 0.479246 0.410771 0.020742 0.051764
3 0.526535 0.877583 0.058898 0.185694
3 0.807371 0.911507 0.079648 0.144403
3 0.743070 0.713049 0.052266 0.098819
0 0.273492 0.912979 0.035672 0.103403
0 0.297969 0.850299 0.036500 0.093069
0 0.336129 0.805313 0.031523 0.079792
0 0.309164 0.749340 0.034016 0.085542
0 0.319535 0.488125 0.021570 0.059000
0 0.416609 0.478618 0.016594 0.066514
0 0.897387 0.696090 0.030695 0.085542
0 0.951727 0.734444 0.034844 0.073750
0 0.793270 0.461653 0.021570 0.059139
1 0.805711 0.781049 0.028203 0.095875
1 0.745992 0.488868 0.021609 0.039819
