0 0.764270 0.905604 0.037336 0.100292
0 0.786672 0.525076 0.024063 0.056042
0 0.383879 0.386431 0.019914 0.050139
1 0.218777 0.951333 0.021570 0.076694
1 0.303816 0.834813 0.022398 0.067847
1 0.316676 0.741153 0.021570 0.072278
1 0.322066 0.530236 0.020742 0.051611
1 0.332855 0.504431 0.019086 0.044250
1 0.752656 0.475667 0.015766 0.042778
2 0.487172 0.422563 0.025719 0.054569
2 0.707023 0.505160 0.027375 0.048681
3 0.257773 0.811215 0.059734 0.115042
3 0.526160 0.879056 0.063883 0.185833
3 0.261922 0.664451 0.076328 0.095875
3 0.307965 0.584069 0.065539 0.079639
3 0.379730 0.575222 0.056414 0.073750
3 0.467672 0.448382 0.036500 0.050153
3 0.792477 0.493361 0.034016 0.060472
4 0.327461 0.640118 0.048125 0.100292
4 0.440707 0.481563 0.043977 0.069319
4 0.804508 0.460181 0.034844 0.059000
7 0.674668 0.545722 0.045633 0.103250
9 0.368945 0.475667 0.051438 0.110611
5 0.193059 0.795722 0.076320 0.157806
10 0.764684 0.674785 0.134398 0.325958
10 0.671766 0.387167 0.053094 0.125361
10 0.179367 0.561215 0.136891 0.205014
10 0.103875 0.514750 0.153484 0.168139
10 0.208820 0.429201 0.104531 0.129792
6 0.457301 0.403389 0.057242 0.078167
