2 0.337793 0.639451 0.038164 0.084069
2 0.316633 0.592924 0.034016 0.076847
2 0.261047 0.496236 0.034016 0.060472
2 0.772938 0.607007 0.034016 0.081125
2 0.792437 0.491958 0.019906 0.060472
2 0.425332 0.419632 0.025742 0.042958
7 0.330324 0.426257 0.036508 0.062097
4 0.376371 0.552431 0.065539 0.072278
10 0.086820 0.778764 0.170078 0.324639
2 0.920203 0.598750 0.053094 0.109139
3 0.526949 0.887097 0.063055 0.196167
3 0.356043 0.915931 0.076320 0.141444
3 0.244871 0.675444 0.066367 0.079639
1 0.179328 0.895208 0.029875 0.109139
1 0.185965 0.722708 0.026555 0.079500
1 0.227863 0.592257 0.029039 0.063431
0 0.328668 0.747056 0.029867 0.087167
0 0.299629 0.497792 0.028211 0.054722
0 0.236574 0.483701 0.021570 0.050153
0 0.811520 0.522194 0.021570 0.061944
0 0.846777 0.531708 0.022398 0.066222
6 0.251922 0.850299 0.090437 0.290708
