3 0.699039 0.854569 0.050172 0.132250
3 0.742289 0.934542 0.064016 0.126111
3 0.937793 0.949583 0.077852 0.100833
3 0.637621 0.448563 0.027680 0.058431
4 0.846348 0.814583 0.048742 0.100333
4 0.870711 0.917167 0.061578 0.159556
4 0.054926 0.911854 0.107742 0.176292
1 0.672148 0.953625 0.031344 0.082861
1 0.667742 0.895021 0.031344 0.082875
1 0.626754 0.570701 0.031336 0.082875
1 0.651664 0.554986 0.031344 0.082861
0 0.208461 0.607854 0.036984 0.074292
2 0.276359 0.499264 0.031344 0.062861
11 0.714648 0.677917 0.071641 0.191667
11 0.786145 0.798625 0.074117 0.247583
4 0.676133 0.440625 0.037109 0.061806
