3 0.525289 0.872347 0.069688 0.187306
3 0.645590 0.485986 0.036508 0.066528
0 0.874570 0.621611 0.031531 0.078167
0 0.871668 0.539083 0.030695 0.066222
0 0.823965 0.482299 0.019914 0.055903
0 0.226621 0.904132 0.038164 0.106347
0 0.294234 0.834806 0.032359 0.082750
0 0.310410 0.746313 0.028211 0.079486
0 0.327418 0.659951 0.030695 0.069319
1 0.840969 0.644465 0.025719 0.070792
7 0.775852 0.765410 0.069672 0.191736
3 0.811934 0.917403 0.075492 0.127000
3 0.105906 0.903465 0.095406 0.143069
3 0.186793 0.899042 0.056414 0.140111
3 0.250262 0.823674 0.053930 0.128319
3 0.273492 0.719028 0.068859 0.096028
3 0.379273 0.583410 0.059734 0.081125
3 0.383422 0.514083 0.051438 0.063417
3 0.426563 0.449778 0.038156 0.050139
3 0.470531 0.461729 0.034844 0.067847
3 0.495836 0.424708 0.024063 0.047194
10 0.724820 0.547201 0.088766 0.206347
10 0.210441 0.670285 0.181695 0.278764
10 0.121668 0.679868 0.178367 0.265486
10 0.159000 0.582528 0.136891 0.227139
10 0.102586 0.528028 0.153484 0.191889
10 0.208781 0.430757 0.097063 0.129792
