5 0.171031 0.914451 0.079641 0.144403
0 0.057371 0.852583 0.056414 0.094389
0 0.298797 0.907076 0.041484 0.117847
0 0.257730 0.878389 0.038992 0.092917
0 0.337375 0.584806 0.027375 0.063278
0 0.305848 0.573819 0.020742 0.061944
0 0.173523 0.620132 0.034844 0.078181
0 0.767961 0.557597 0.017422 0.061944
0 0.801977 0.499194 0.025719 0.060472
0 0.852172 0.565639 0.033188 0.069472
0 0.947996 0.646757 0.035680 0.086875
0 0.385910 0.480896 0.023227 0.067847
1 0.719840 0.575958 0.022398 0.066222
1 0.322859 0.634292 0.026547 0.061944
10 0.298383 0.510250 0.151828 0.171083
10 0.209195 0.438722 0.102875 0.137167
3 0.246113 0.694021 0.078820 0.084069
3 0.526121 0.872417 0.069695 0.178611
3 0.502473 0.399778 0.037336 0.047194
