2 0.343203 0.928979 0.073438 0.139347
4 0.359727 0.602896 0.076328 0.111069
4 0.706406 0.653667 0.043750 0.104556
2 0.711758 0.848611 0.047109 0.129722
10 0.211324 0.557104 0.183602 0.215597
3 0.276125 0.871792 0.073438 0.153306
3 0.212133 0.870847 0.077703 0.140028
3 0.312930 0.744472 0.057422 0.108389
3 0.246254 0.750160 0.067023 0.108375
3 0.169840 0.835458 0.079852 0.133694
3 0.177281 0.729965 0.087625 0.103264
3 0.237715 0.623750 0.072695 0.086944
3 0.314438 0.590986 0.062844 0.085028
3 0.290379 0.565451 0.067836 0.072847
3 0.523164 0.870340 0.067734 0.190125
4 0.278945 0.648222 0.048984 0.110611
10 0.677656 0.514250 0.082031 0.205389
10 0.806668 0.634347 0.143492 0.282306
2 0.478191 0.475236 0.047680 0.065472
