10 0.102172 0.520576 0.152656 0.176986
10 0.209609 0.435917 0.103703 0.140111
6 0.289258 0.897493 0.128594 0.193069
3 0.212926 0.859069 0.072180 0.134222
3 0.471781 0.478687 0.042313 0.054569
3 0.720672 0.573826 0.048953 0.082597
3 0.521973 0.885694 0.069695 0.196028
3 0.329492 0.867257 0.069688 0.117847
5 0.357703 0.615042 0.069687 0.123750
10 0.417852 0.452875 0.121953 0.138639
10 0.286766 0.591521 0.161781 0.218292
10 0.103414 0.631194 0.194969 0.247778
5 0.199652 0.739604 0.072180 0.125375
2 0.255242 0.716000 0.040656 0.092917
1 0.845117 0.768437 0.027375 0.097208
1 0.776672 0.472646 0.016594 0.054569
1 0.297137 0.661500 0.029867 0.069472
1 0.326590 0.670431 0.022398 0.063417
0 0.141164 0.688861 0.043141 0.061944
0 0.378027 0.848083 0.040648 0.094250
0 0.340695 0.760257 0.040656 0.084069
0 0.269758 0.758778 0.024891 0.081111
0 0.309582 0.732306 0.029867 0.069472
0 0.660937 0.750667 0.029031 0.094389
0 0.805301 0.489597 0.019086 0.061944
0 0.882453 0.547194 0.022406 0.059139
