10 0.244293 0.646833 0.164898 0.271972
12 0.306586 0.794222 0.084281 0.087944
3 0.525074 0.875653 0.057711 0.195444
0 0.820977 0.794222 0.054047 0.091194
2 0.880980 0.785264 0.045805 0.148194
2 0.701426 0.466056 0.038477 0.063528
1 0.824180 0.579250 0.042141 0.061889
2 0.126117 0.655792 0.040312 0.091194
12 0.780207 0.477458 0.031148 0.109111
3 0.363844 0.523868 0.096187 0.055375
3 0.114207 0.915556 0.045805 0.167750
3 0.184746 0.928868 0.069617 0.142264
0 0.264918 0.897639 0.061414 0.066778
0 0.317578 0.880542 0.078781 0.087944
10 0.047789 0.821910 0.090688 0.257319
0 0.902047 0.584132 0.049469 0.130292
10 0.256199 0.404979 0.117258 0.159597
2 0.331324 0.429410 0.038477 0.081431
10 0.426594 0.418007 0.089781 0.107486
10 0.505379 0.415569 0.062289 0.157972
