1 0.595758 0.419208 0.020156 0.077889
3 0.404305 0.634958 0.043812 0.104361
3 0.603641 0.610028 0.055203 0.119944
2 0.357871 0.466382 0.021023 0.055625
2 0.631668 0.406847 0.022977 0.051278
2 0.548551 0.296896 0.018086 0.034764
2 0.674207 0.397722 0.021023 0.050417
2 0.693273 0.417278 0.023953 0.047806
2 0.705008 0.465951 0.026891 0.063458
2 0.755852 0.455521 0.036672 0.058236
2 0.518973 0.288632 0.015648 0.033903
2 0.182598 0.701500 0.034227 0.080833
2 0.792625 0.527639 0.033375 0.069389
2 0.326211 0.405944 0.029422 0.045250
2 0.868141 0.552778 0.030547 0.069389
