2 0.159828 0.686507 0.042312 0.081125
2 0.231180 0.696903 0.053922 0.069167
2 0.268516 0.586944 0.032359 0.064889
2 0.313730 0.385694 0.018258 0.042917
2 0.703250 0.486799 0.035672 0.058986
2 0.704082 0.435028 0.029039 0.047194
2 0.881625 0.531049 0.027375 0.058986
2 0.957953 0.707889 0.050609 0.088500
2 0.859637 0.609139 0.036508 0.079500
0 0.381348 0.458625 0.020742 0.047194
3 0.381348 0.541222 0.043977 0.061944
3 0.318707 0.314229 0.023227 0.038347
5 0.637293 0.348083 0.034852 0.062083
10 0.347332 0.405681 0.043977 0.132750
0 0.971641 0.892993 0.048125 0.113569
