11 0.279141 0.909444 0.203281 0.181111
9 0.228707 0.691757 0.114305 0.141292
3 0.257809 0.768958 0.083289 0.111806
3 0.136059 0.826472 0.085383 0.136389
2 0.686406 0.634653 0.035625 0.103194
3 0.332332 0.645646 0.065648 0.096847
3 0.248844 0.477403 0.038719 0.070750
10 0.147234 0.533007 0.166484 0.198431
10 0.096023 0.704875 0.191578 0.249694
3 0.455691 0.479701 0.058773 0.051986
3 0.381883 0.576937 0.062797 0.079153
10 0.880156 0.830917 0.239687 0.335139
10 0.788344 0.598354 0.166484 0.252819
10 0.657266 0.400694 0.062500 0.159167
3 0.674789 0.510958 0.042859 0.091972
0 0.135770 0.951653 0.051383 0.096694
10 0.315211 0.417535 0.108172 0.132292
2 0.718566 0.878472 0.053852 0.125833
3 0.523438 0.875069 0.075313 0.195694
