0 0.866273 0.694028 0.033188 0.072278
0 0.823133 0.550882 0.028203 0.066514
0 0.468461 0.467479 0.025719 0.050153
0 0.249016 0.625368 0.034844 0.076542
0 0.343598 0.435840 0.024883 0.045569
9 0.312488 0.509583 0.057242 0.087167
1 0.302531 0.617993 0.019078 0.059153
1 0.684168 0.735174 0.020742 0.081125
6 0.925594 0.630528 0.116984 0.216667
3 0.500398 0.410104 0.033188 0.047208
3 0.661352 0.558924 0.041484 0.091458
3 0.525289 0.880458 0.066375 0.182889
2 0.792020 0.442549 0.020742 0.050153
10 0.103004 0.519250 0.157633 0.162250
10 0.211270 0.436500 0.103711 0.138639
10 0.443988 0.384146 0.097898 0.107681
10 0.673383 0.435028 0.070516 0.162250
