5 0.751371 0.598743 0.065539 0.129792
2 0.260633 0.713049 0.044797 0.098819
1 0.857977 0.546389 0.018250 0.057528
10 0.077695 0.823819 0.155141 0.337750
10 0.124984 0.610694 0.213219 0.238944
10 0.328250 0.544174 0.136891 0.203542
10 0.442742 0.432153 0.102047 0.144389
10 0.103004 0.510326 0.149336 0.165042
10 0.207535 0.431347 0.101211 0.122417
6 0.285109 0.891667 0.128594 0.207972
3 0.142406 0.936576 0.068859 0.114903
3 0.219980 0.843583 0.069695 0.150444
3 0.314559 0.823083 0.063055 0.106194
3 0.385496 0.922639 0.090430 0.125361
3 0.526535 0.876181 0.072180 0.182889
3 0.478000 0.465340 0.036500 0.066514
5 0.395449 0.550069 0.047289 0.091444
5 0.245699 0.672569 0.073008 0.121083
1 0.174766 0.673965 0.032359 0.067847
0 0.269344 0.743368 0.027375 0.076847
0 0.316219 0.718361 0.036500 0.070806
0 0.317461 0.668951 0.034016 0.081125
0 0.652227 0.840708 0.033188 0.124028
0 0.848852 0.635694 0.024891 0.070639
0 0.199238 0.627507 0.028211 0.072264
