2 0.335301 0.506708 0.028211 0.048667
2 0.295066 0.544243 0.038992 0.055903
2 0.159000 0.688125 0.042312 0.078167
2 0.312488 0.390854 0.022398 0.053236
2 0.919789 0.755167 0.048953 0.097194
2 0.958777 0.712389 0.047289 0.103389
2 0.920203 0.583403 0.043141 0.075222
0 0.677117 0.439528 0.028203 0.056194
0 0.241551 0.636361 0.036508 0.075222
3 0.317879 0.313493 0.018258 0.036875
2 0.388398 0.451986 0.026547 0.060472
3 0.419094 0.308181 0.024891 0.029500
10 0.347746 0.407889 0.044805 0.137167
10 0.567187 0.418951 0.058906 0.126847
5 0.635633 0.345944 0.033188 0.054583
