10 0.066125 0.768431 0.127766 0.348083
10 0.103457 0.512535 0.160945 0.175514
10 0.202598 0.432153 0.098727 0.135694
10 0.387613 0.428465 0.105367 0.131264
6 0.467664 0.417403 0.082984 0.106194
7 0.226246 0.620208 0.046461 0.089972
3 0.524504 0.875368 0.065539 0.175514
3 0.305891 0.719028 0.041484 0.107667
3 0.242426 0.749264 0.055586 0.106194
3 0.394246 0.552361 0.045633 0.066361
3 0.495051 0.469764 0.049773 0.060472
2 0.278098 0.800882 0.038992 0.112097
2 0.367285 0.528021 0.036508 0.082597
2 0.921070 0.649708 0.060562 0.125361
2 0.803680 0.534660 0.026547 0.057514
2 0.774641 0.452063 0.028203 0.066375
0 0.181445 0.783924 0.049781 0.095875
0 0.176465 0.633479 0.036508 0.084069
0 0.262750 0.574486 0.031531 0.063417
0 0.293871 0.489674 0.022414 0.056042
0 0.630699 0.565632 0.029039 0.072264
0 0.844332 0.509590 0.019914 0.066375
0 0.899504 0.710181 0.037336 0.089972
0 0.874613 0.632750 0.030695 0.091444
1 0.335758 0.755903 0.026547 0.063417
1 0.303816 0.617993 0.024055 0.058986
1 0.305891 0.581125 0.014938 0.059000
1 0.264410 0.531708 0.019914 0.042778
