2 0.874410 0.545028 0.042852 0.064750
2 0.911547 0.729125 0.042844 0.095222
2 0.293438 0.523444 0.036422 0.046972
10 0.796566 0.800222 0.181398 0.278056
10 0.495547 0.279681 0.042141 0.082528
5 0.637664 0.348868 0.033563 0.053319
3 0.319859 0.311417 0.019281 0.024111
3 0.563395 0.473299 0.034992 0.063486
3 0.633379 0.553285 0.047852 0.083792
3 0.635164 0.665646 0.065703 0.110458
4 0.666590 0.472028 0.044273 0.060944
2 0.160602 0.685958 0.043562 0.074917
2 0.245590 0.635806 0.037852 0.066028
2 0.269867 0.571056 0.029281 0.055861
10 0.360926 0.433299 0.061414 0.146014
2 0.713727 0.444090 0.024281 0.050792
2 0.314504 0.385694 0.018570 0.043167
2 0.861914 0.685319 0.036422 0.081250
