10 0.464727 0.362167 0.092922 0.101778
10 0.327004 0.489604 0.137727 0.176986
10 0.210855 0.434438 0.107852 0.143069
10 0.105902 0.533257 0.156805 0.205014
10 0.134941 0.646757 0.209898 0.263875
10 0.161906 0.787687 0.164266 0.374625
10 0.286352 0.677063 0.126109 0.294986
11 0.672137 0.405604 0.061398 0.120792
9 0.837234 0.887167 0.102875 0.222861
3 0.234914 0.931417 0.073016 0.134361
3 0.523633 0.880528 0.066375 0.194833
3 0.745563 0.912903 0.077156 0.153389
3 0.772113 0.762611 0.055586 0.132750
3 0.780406 0.655528 0.068859 0.107667
3 0.713621 0.583257 0.039820 0.084069
3 0.498328 0.396090 0.035672 0.054569
2 0.888676 0.561944 0.031523 0.056194
2 0.085160 0.785403 0.047289 0.110472
1 0.205879 0.889306 0.028211 0.106194
1 0.261047 0.824410 0.034016 0.064903
1 0.307508 0.835472 0.025719 0.084083
1 0.972469 0.848083 0.041484 0.094250
0 0.329496 0.779424 0.029867 0.101764
0 0.334473 0.881194 0.039820 0.089972
0 0.972469 0.930681 0.043141 0.123750
0 0.861711 0.573014 0.035672 0.069472
