5 0.476754 0.437319 0.038992 0.066222
10 0.756348 0.635694 0.120305 0.283333
10 0.176836 0.479424 0.076328 0.159292
10 0.477168 0.362833 0.064711 0.100444
9 0.357289 0.457896 0.040656 0.084069
3 0.526121 0.882743 0.066367 0.199264
3 0.312902 0.647569 0.048117 0.088500
3 0.293820 0.555972 0.058078 0.064889
3 0.320367 0.420285 0.026547 0.050153
3 0.667160 0.555972 0.034852 0.085556
3 0.679605 0.418958 0.033180 0.059000
0 0.400012 0.948375 0.056414 0.100444
0 0.292988 0.783924 0.031523 0.090125
0 0.837652 0.836285 0.035680 0.117847
0 0.815250 0.553174 0.025719 0.067847
0 0.849266 0.544243 0.027375 0.079792
0 0.935965 0.621681 0.038164 0.089833
0 0.929328 0.583264 0.034844 0.063417
0 0.815664 0.453542 0.024891 0.060333
0 0.339449 0.552431 0.029867 0.075222
0 0.197164 0.556049 0.032359 0.073597
2 0.388398 0.404056 0.023234 0.047194
2 0.336133 0.383486 0.018250 0.050000
