10 0.684980 0.391965 0.049977 0.128514
10 0.260195 0.539514 0.171344 0.188806
10 0.207543 0.435597 0.105305 0.133278
10 0.104469 0.522861 0.154391 0.177667
6 0.394059 0.430840 0.082102 0.130097
3 0.251137 0.848083 0.056414 0.141583
3 0.524086 0.879056 0.066375 0.194694
3 0.322066 0.663715 0.065539 0.079653
3 0.483422 0.452806 0.036531 0.059000
7 0.306719 0.746313 0.066375 0.115042
2 0.173559 0.807528 0.047289 0.104722
2 0.213801 0.744833 0.031523 0.088500
2 0.196379 0.685104 0.046461 0.098819
2 0.918168 0.645285 0.063055 0.116514
0 0.393418 0.929201 0.047289 0.115042
0 0.303816 0.835549 0.035680 0.098819
0 0.245742 0.707222 0.025719 0.075222
0 0.273117 0.619465 0.042313 0.082597
0 0.357328 0.573750 0.031531 0.076694
0 0.896996 0.567847 0.022430 0.076694
