2 0.160258 0.684319 0.042312 0.076694
2 0.267699 0.569278 0.026555 0.061944
2 0.293004 0.522076 0.024055 0.050153
2 0.313746 0.387125 0.019086 0.045722
2 0.361035 0.752167 0.048945 0.091444
2 0.687918 0.470451 0.030695 0.056042
2 0.666758 0.448333 0.024891 0.044250
2 0.626938 0.395972 0.024891 0.045722
2 0.952574 0.703493 0.053930 0.100292
5 0.637305 0.348771 0.032359 0.057514
3 0.723172 0.874576 0.084625 0.159292
3 0.318723 0.314847 0.020742 0.033917
10 0.315406 0.653340 0.093750 0.253681
10 0.350664 0.404813 0.046453 0.128319
4 0.532773 0.336236 0.025719 0.056056
4 0.877902 0.726354 0.088773 0.131264
