10 0.696281 0.586167 0.097844 0.204556
2 0.160094 0.685660 0.039922 0.077931
2 0.268113 0.573646 0.028961 0.065403
2 0.293945 0.528417 0.035219 0.052889
2 0.316254 0.385778 0.018789 0.045917
2 0.546387 0.317590 0.018789 0.037569
2 0.671234 0.439354 0.032094 0.047319
2 0.719375 0.447701 0.025047 0.050097
2 0.823871 0.495715 0.027398 0.051486
2 0.890406 0.642521 0.033656 0.080708
2 0.930328 0.656438 0.039922 0.069569
3 0.318605 0.312729 0.021914 0.036181
3 0.759293 0.513799 0.061055 0.065403
5 0.636793 0.350292 0.035227 0.055667
