10 0.284641 0.580937 0.181000 0.250819
10 0.717652 0.516417 0.092820 0.224417
10 0.443824 0.425826 0.094680 0.148514
8 0.260504 0.794556 0.090039 0.196528
8 0.805832 0.617243 0.064977 0.155125
9 0.519941 0.877972 0.074258 0.188111
11 0.320371 0.721208 0.083539 0.161722
7 0.741785 0.914271 0.076117 0.151819
7 0.171859 0.707181 0.085391 0.133667
0 0.804906 0.840764 0.048266 0.150000
0 0.842961 0.758993 0.037125 0.118819
3 0.165359 0.822688 0.100250 0.140264
3 0.779375 0.726076 0.073328 0.118653
8 0.728328 0.767326 0.075188 0.181347
