2 0.747492 0.918819 0.085797 0.162361
2 0.525230 0.873340 0.072180 0.194292
11 0.718875 0.758021 0.066937 0.170069
9 0.820609 0.768722 0.190125 0.391306
3 0.683238 0.569049 0.050555 0.123292
3 0.327770 0.628243 0.082586 0.117958
1 0.300789 0.711944 0.049828 0.082500
12 0.376523 0.803694 0.040078 0.113917
12 0.343852 0.926306 0.062922 0.129611
12 0.343758 0.815715 0.037312 0.114958
0 0.298355 0.874451 0.029852 0.095264
0 0.315445 0.833125 0.030047 0.086250
2 0.499707 0.447194 0.036680 0.060500
2 0.510254 0.405486 0.034180 0.049583
2 0.468203 0.418681 0.042969 0.059028
9 0.171152 0.607063 0.180977 0.230514
9 0.390676 0.489153 0.107867 0.148583
9 0.191883 0.754431 0.151734 0.324222
2 0.276750 0.815826 0.062078 0.136931
