2 0.223500 0.602146 0.078094 0.099319
9 0.145160 0.769840 0.132023 0.157347
2 0.522594 0.871778 0.072859 0.193750
2 0.305508 0.726458 0.042578 0.101250
2 0.059824 0.885333 0.064414 0.127111
4 0.230859 0.679792 0.060000 0.117639
2 0.231953 0.812167 0.100781 0.113444
4 0.511570 0.406493 0.041391 0.065486
5 0.055781 0.815111 0.067656 0.107278
10 0.118203 0.548264 0.150313 0.198472
10 0.293199 0.437076 0.109055 0.132208
10 0.776574 0.822431 0.199242 0.355139
10 0.767797 0.573896 0.152406 0.245847
2 0.314805 0.656292 0.074453 0.099528
2 0.366605 0.586840 0.066164 0.083403
4 0.301133 0.557056 0.054625 0.088417
2 0.458965 0.423597 0.043398 0.057472
5 0.486324 0.447903 0.044836 0.058083
2 0.173125 0.946042 0.086094 0.107917
