2 0.751383 0.927160 0.085313 0.145681
11 0.724398 0.770104 0.070891 0.170069
3 0.690258 0.598333 0.056578 0.135028
9 0.820246 0.774063 0.190117 0.398264
2 0.656391 0.551875 0.043625 0.081806
2 0.731043 0.484576 0.044867 0.080458
2 0.641992 0.488993 0.060078 0.081875
0 0.664777 0.726021 0.031117 0.098069
0 0.673273 0.808868 0.030016 0.094208
1 0.213828 0.904757 0.050859 0.137847
9 0.251113 0.690681 0.181211 0.301361
2 0.525066 0.871451 0.072133 0.192569
9 0.334871 0.520806 0.131195 0.174944
9 0.189297 0.613639 0.170469 0.252556
2 0.499559 0.425854 0.043383 0.061986
3 0.520043 0.377229 0.038508 0.069181
