10 0.392961 0.471236 0.103703 0.154722
10 0.234500 0.560542 0.136891 0.197639
10 0.103832 0.513201 0.147680 0.162236
10 0.205875 0.429944 0.102875 0.131417
5 0.935137 0.906417 0.087945 0.181417
3 0.245699 0.689604 0.066367 0.095875
3 0.523633 0.879056 0.066375 0.188639
3 0.872496 0.705681 0.078820 0.140111
0 0.170617 0.831118 0.037328 0.090125
0 0.254824 0.946243 0.054758 0.098819
0 0.285938 0.871611 0.050609 0.109139
0 0.314148 0.708632 0.034016 0.084069
0 0.312488 0.614236 0.030695 0.092917
0 0.922691 0.680750 0.024883 0.104722
0 0.872914 0.569326 0.034844 0.076847
0 0.850926 0.507451 0.020742 0.064903
0 0.811105 0.484514 0.022398 0.069472
0 0.792852 0.454278 0.019078 0.056194
1 0.728969 0.862903 0.025719 0.094389
1 0.823133 0.856125 0.028203 0.078167
1 0.865445 0.873965 0.028203 0.098819
1 0.656789 0.435764 0.014109 0.048667
