3 0.509113 0.303174 0.029039 0.036875
3 0.429051 0.322347 0.023227 0.033917
3 0.318707 0.315639 0.021570 0.035250
10 0.348160 0.404799 0.043977 0.128319
5 0.636047 0.345062 0.032359 0.050153
1 0.773770 0.578243 0.020742 0.070792
2 0.918125 0.584076 0.042313 0.079792
2 0.955047 0.710840 0.044797 0.082597
2 0.926012 0.846611 0.054758 0.097194
2 0.901535 0.743361 0.043977 0.097500
2 0.868352 0.669611 0.052266 0.085694
2 0.380102 0.300889 0.014937 0.032306
2 0.315805 0.395278 0.019078 0.052944
2 0.263953 0.599556 0.026547 0.069472
2 0.159000 0.682813 0.040656 0.085542
