10 0.125816 0.625368 0.176711 0.253542
0 0.921449 0.774264 0.038992 0.106194
0 0.805711 0.556708 0.024891 0.078167
0 0.771281 0.547194 0.022406 0.076556
0 0.717352 0.511729 0.027375 0.070792
0 0.846363 0.486063 0.021570 0.057514
0 0.816082 0.436507 0.015758 0.050153
0 0.761324 0.425590 0.022398 0.051625
0 0.350652 0.505236 0.029039 0.054583
0 0.268512 0.514083 0.020742 0.063417
0 0.241965 0.488125 0.027383 0.059000
0 0.393375 0.379799 0.018250 0.042625
1 0.711133 0.625444 0.016594 0.061944
1 0.475098 0.416590 0.012445 0.036875
1 0.589590 0.421090 0.022398 0.036736
2 0.787457 0.435764 0.021570 0.048667
2 0.171859 0.702139 0.043141 0.085556
4 0.199656 0.800889 0.050609 0.141444
3 0.526121 0.877507 0.063055 0.176986
3 0.335301 0.603250 0.054758 0.079500
10 0.104660 0.524340 0.157633 0.175375
10 0.208363 0.432896 0.099555 0.137319
