3 0.290539 0.808729 0.069234 0.133569
3 0.343039 0.919306 0.071734 0.154167
4 0.287727 0.615139 0.048984 0.110611
10 0.691051 0.580625 0.092414 0.242917
5 0.396250 0.560000 0.052969 0.104444
3 0.104531 0.916042 0.067031 0.146528
3 0.225695 0.823194 0.071734 0.121389
3 0.184570 0.780083 0.067109 0.117667
3 0.316445 0.702806 0.052578 0.093111
3 0.254883 0.722361 0.065234 0.102778
3 0.205008 0.675965 0.064203 0.108042
3 0.257676 0.599764 0.065898 0.076194
3 0.343547 0.558924 0.059625 0.080625
3 0.409375 0.466785 0.045000 0.065792
3 0.355047 0.438542 0.029125 0.064306
3 0.523664 0.875403 0.071734 0.198028
4 0.730086 0.814319 0.057031 0.132250
10 0.807918 0.631979 0.136617 0.277569
10 0.268973 0.507729 0.152992 0.180458
10 0.111836 0.556729 0.141328 0.199847
