10 0.751371 0.520722 0.090430 0.200583
10 0.103418 0.517701 0.150164 0.188653
10 0.207121 0.431417 0.100383 0.134361
9 0.287598 0.772194 0.082133 0.181417
9 0.638953 0.444021 0.044797 0.129792
3 0.525293 0.875299 0.064711 0.193208
3 0.924348 0.678542 0.054758 0.109139
3 0.492102 0.407889 0.043141 0.057528
3 0.750543 0.719028 0.063883 0.113417
2 0.287184 0.528764 0.029867 0.066222
2 0.750957 0.931493 0.046461 0.116514
2 0.660105 0.539896 0.029039 0.067847
2 0.887016 0.529569 0.043141 0.061944
1 0.037871 0.800153 0.029039 0.066222
1 0.166883 0.814083 0.031531 0.091444
1 0.241551 0.712389 0.019914 0.076833
0 0.224543 0.938715 0.040648 0.101764
0 0.198824 0.702729 0.030695 0.084069
0 0.221227 0.607743 0.025719 0.061958
0 0.221227 0.570729 0.032359 0.067847
0 0.842215 0.631194 0.028211 0.070806
0 0.871668 0.600222 0.027383 0.070806
0 0.083090 0.688868 0.056414 0.082597
