0 0.318707 0.944687 0.046461 0.089819
0 0.280961 0.809660 0.035672 0.088486
0 0.250262 0.728542 0.038992 0.088500
0 0.225789 0.567924 0.033188 0.070792
0 0.260637 0.528833 0.029867 0.072278
0 0.220395 0.653319 0.035680 0.073750
0 0.378859 0.805236 0.057250 0.094389
1 0.318707 0.800222 0.028211 0.078167
1 0.792020 0.834806 0.029039 0.082750
1 0.728969 0.681340 0.022406 0.070792
1 0.749293 0.490486 0.023227 0.051611
2 0.362266 0.502139 0.025719 0.051611
2 0.785801 0.512611 0.028211 0.054583
2 0.831016 0.475667 0.022406 0.051778
3 0.217492 0.836944 0.068031 0.122417
3 0.256488 0.937243 0.064711 0.119458
0 0.945922 0.679868 0.028203 0.094403
0 0.861297 0.514014 0.024891 0.066222
0 0.843457 0.931417 0.037336 0.104583
0 0.858809 0.741965 0.033180 0.112097
0 0.830602 0.690931 0.031531 0.095861
3 0.310828 0.723375 0.057250 0.104722
3 0.527363 0.879868 0.072180 0.184375
3 0.306680 0.637174 0.073844 0.073597
3 0.301285 0.581125 0.069695 0.053250
3 0.380934 0.569326 0.073008 0.076847
3 0.484223 0.465410 0.040648 0.054569
3 0.422832 0.451993 0.029039 0.039819
5 0.488785 0.419618 0.038164 0.060319
10 0.107500 0.817187 0.215000 0.356931
10 0.127477 0.599486 0.143531 0.210917
10 0.103414 0.534660 0.153484 0.225819
10 0.208367 0.433556 0.101219 0.138639
10 0.353969 0.453472 0.107031 0.151917
10 0.434859 0.390785 0.086281 0.115042
