5 0.637621 0.347056 0.031633 0.054972
10 0.601430 0.404528 0.060438 0.112444
3 0.784152 0.500722 0.036539 0.067472
3 0.320312 0.312063 0.021078 0.034986
2 0.978289 0.686535 0.040656 0.084069
2 0.923117 0.648181 0.041484 0.072278
2 0.879148 0.551576 0.043141 0.064903
2 0.548121 0.295674 0.019914 0.042764
2 0.712805 0.443903 0.034016 0.056056
2 0.317891 0.382694 0.017422 0.048667
2 0.383434 0.303785 0.019086 0.041292
2 0.386277 0.386326 0.017852 0.041903
2 0.361641 0.380611 0.018562 0.050778
2 0.294148 0.527889 0.036422 0.053333
2 0.268086 0.571056 0.030000 0.058389
2 0.160961 0.688493 0.041422 0.079986
1 0.350211 0.436472 0.017141 0.043167
