0 0.721086 0.911431 0.036500 0.109139
0 0.965832 0.847417 0.044805 0.119472
0 0.923937 0.662167 0.034016 0.085556
0 0.953387 0.639382 0.029867 0.089819
0 0.859637 0.508924 0.021570 0.053097
0 0.649320 0.577361 0.025719 0.057528
0 0.336961 0.855528 0.034844 0.094389
0 0.311242 0.896826 0.036500 0.109153
0 0.275152 0.890931 0.035680 0.103250
0 0.284277 0.629056 0.027383 0.083917
0 0.154855 0.699847 0.038992 0.087167
0 0.232426 0.578833 0.029867 0.063417
0 0.359363 0.566299 0.023227 0.070792
0 0.307090 0.506708 0.029867 0.048667
0 0.232840 0.518361 0.030695 0.057528
0 0.361020 0.468951 0.021570 0.067847
0 0.354801 0.420354 0.020742 0.055903
10 0.442324 0.396097 0.089602 0.122417
10 0.209613 0.431417 0.098727 0.134361
2 0.093461 0.771458 0.035672 0.103250
5 0.428637 0.495576 0.060570 0.079792
1 0.128719 0.814972 0.031531 0.081111
1 0.177672 0.786062 0.024891 0.088486
1 0.326176 0.558181 0.018258 0.060472
1 0.665500 0.431417 0.014938 0.045861
3 0.524047 0.881938 0.067203 0.206486
3 0.224547 0.842924 0.068859 0.155014
3 0.493348 0.421903 0.032352 0.050139
