2 0.384266 0.381896 0.024844 0.053625
2 0.373914 0.429215 0.020703 0.053625
10 0.326684 0.258625 0.027820 0.069889
2 0.293184 0.406083 0.034305 0.047306
2 0.689180 0.418694 0.023125 0.055722
2 0.706891 0.533826 0.036078 0.073597
2 0.274555 0.665785 0.039625 0.083069
2 0.541883 0.299361 0.019516 0.044167
2 0.558738 0.280431 0.017742 0.035750
2 0.490133 0.240486 0.015375 0.035750
3 0.458191 0.254146 0.021289 0.033653
1 0.761895 0.516486 0.033711 0.055722
1 0.799449 0.528049 0.033117 0.049431
2 0.773961 0.820986 0.044156 0.117194
2 0.088375 0.691951 0.060484 0.072042
2 0.703344 0.478104 0.036078 0.048375
2 0.758047 0.462333 0.035484 0.048361
2 0.635031 0.386104 0.023656 0.049431
