10 0.199289 0.553632 0.198641 0.186458
8 0.302320 0.909236 0.118812 0.158417
8 0.296289 0.645215 0.041766 0.095708
3 0.524164 0.875417 0.064969 0.183167
3 0.740449 0.745875 0.064961 0.161722
1 0.912160 0.879535 0.037133 0.099014
1 0.706559 0.917493 0.043633 0.108903
7 0.316707 0.544556 0.071477 0.089111
7 0.377508 0.509076 0.070547 0.084153
11 0.358477 0.844062 0.114172 0.176569
0 0.274473 0.790431 0.035273 0.092417
3 0.238273 0.844882 0.066828 0.115514
3 0.220172 0.742576 0.075188 0.095708
3 0.199754 0.707097 0.071477 0.113861
8 0.161691 0.638618 0.108602 0.132014
2 0.281898 0.721951 0.042703 0.070958
