0 0.266484 0.839972 0.042313 0.107667
0 0.177297 0.727875 0.044797 0.089972
1 0.217949 0.691743 0.028211 0.067847
0 0.293031 0.644542 0.027375 0.079639
0 0.315016 0.572271 0.024891 0.061958
0 0.234957 0.581861 0.022398 0.060472
0 0.313770 0.519174 0.030695 0.056042
0 0.959652 0.764007 0.044805 0.097347
1 0.771320 0.486729 0.016594 0.056042
2 0.260262 0.683625 0.046461 0.089972
2 0.265234 0.609882 0.059734 0.095875
3 0.524504 0.876847 0.065539 0.196167
3 0.285980 0.747792 0.056414 0.106194
3 0.764687 0.756639 0.051438 0.126833
3 0.759707 0.633486 0.039820 0.092917
3 0.648535 0.407083 0.023227 0.047194
3 0.458961 0.466076 0.042312 0.053097
3 0.454398 0.421090 0.041484 0.051625
3 0.770078 0.435104 0.032359 0.073736
5 0.404617 0.472715 0.053094 0.078181
4 0.375164 0.523604 0.035672 0.082597
4 0.486336 0.424778 0.034016 0.061944
4 0.855117 0.747056 0.044797 0.119472
4 0.811973 0.575958 0.046461 0.075222
10 0.099727 0.706493 0.196625 0.312681
10 0.103875 0.535396 0.153484 0.206486
10 0.207160 0.442479 0.106195 0.144542
10 0.299254 0.455750 0.139383 0.156333
10 0.712004 0.470507 0.090430 0.174042
6 0.848480 0.514750 0.089602 0.182889
