10 0.348578 0.405535 0.043141 0.129792
3 0.319953 0.314972 0.020734 0.039833
3 0.436520 0.469028 0.029867 0.053250
5 0.635219 0.350368 0.032359 0.057514
2 0.922277 0.588424 0.038992 0.073736
2 0.944262 0.856854 0.061398 0.115042
9 0.454770 0.355382 0.029867 0.050153
2 0.956707 0.704347 0.048117 0.078167
2 0.793266 0.624556 0.044797 0.078167
2 0.798660 0.471979 0.024055 0.053236
2 0.747637 0.530236 0.039820 0.069167
2 0.314148 0.387174 0.017422 0.042625
2 0.416605 0.367333 0.019914 0.044250
2 0.392133 0.376181 0.022406 0.047194
2 0.273906 0.539896 0.031531 0.061958
2 0.158586 0.691076 0.039828 0.078181
