10 0.210520 0.617194 0.118492 0.244500
10 0.750609 0.822313 0.152531 0.355375
10 0.918676 0.803500 0.162648 0.371889
10 0.786449 0.715146 0.148977 0.354431
10 0.637766 0.443681 0.064781 0.155417
10 0.690164 0.408597 0.063891 0.155306
3 0.258008 0.807493 0.061953 0.112514
3 0.328547 0.654431 0.056563 0.080639
12 0.310965 0.561618 0.079617 0.133181
3 0.378434 0.515417 0.051648 0.059417
3 0.469391 0.483431 0.051656 0.059417
3 0.496617 0.437674 0.031141 0.040764
3 0.377934 0.477208 0.051648 0.059417
3 0.386199 0.388368 0.026195 0.045208
3 0.656797 0.582500 0.053594 0.078056
3 0.430172 0.470542 0.039188 0.051417
5 0.387449 0.568750 0.064477 0.076389
5 0.736254 0.506549 0.043430 0.076347
9 0.275980 0.692243 0.049289 0.113847
5 0.465152 0.419896 0.040008 0.057708
2 0.171477 0.787417 0.048203 0.099083
1 0.309898 0.789319 0.014844 0.045889
0 0.203906 0.876792 0.039687 0.079750
12 0.688516 0.642910 0.053125 0.118069
5 0.524066 0.881535 0.062977 0.190042
12 0.694223 0.555958 0.049523 0.113639
