0 0.840973 0.777215 0.045633 0.085542
0 0.757590 0.610542 0.039820 0.091444
0 0.935133 0.670278 0.026547 0.075222
0 0.845949 0.522861 0.024055 0.066528
0 0.824793 0.468292 0.023227 0.063278
0 0.222055 0.711576 0.030703 0.081125
0 0.256902 0.670431 0.029039 0.078167
0 0.305437 0.644465 0.024891 0.070792
0 0.362266 0.426181 0.017422 0.050139
2 0.256898 0.926250 0.085453 0.129944
1 0.367242 0.494174 0.019078 0.058986
1 0.743488 0.460917 0.028211 0.042917
3 0.523633 0.873972 0.068031 0.184361
3 0.693707 0.654944 0.054758 0.109139
3 0.704910 0.563500 0.045633 0.088500
3 0.845117 0.908556 0.068859 0.168000
3 0.896141 0.775736 0.077984 0.135694
10 0.113371 0.641521 0.186664 0.262542
10 0.774602 0.846604 0.128594 0.303986
10 0.105488 0.521389 0.159289 0.178611
10 0.209195 0.431417 0.097891 0.134361
