3 0.502098 0.436597 0.037836 0.057083
3 0.565574 0.469715 0.031820 0.076931
1 0.221055 0.802174 0.029297 0.084819
6 0.073438 0.754653 0.146875 0.261806
1 0.233918 0.724771 0.026117 0.083153
9 0.374402 0.531458 0.074742 0.098472
2 0.684297 0.591458 0.035937 0.080694
3 0.630938 0.519097 0.044375 0.083194
1 0.701367 0.709896 0.021641 0.078542
1 0.670238 0.641389 0.022492 0.066389
3 0.522699 0.874562 0.069195 0.195681
2 0.733281 0.937292 0.056250 0.124861
10 0.820113 0.648639 0.182742 0.301611
10 0.682746 0.465840 0.088148 0.197514
3 0.250586 0.933958 0.075703 0.132083
3 0.270719 0.798764 0.059094 0.117806
3 0.312773 0.666042 0.071797 0.098194
2 0.255961 0.673250 0.043016 0.095667
3 0.110648 0.817063 0.124797 0.136347
11 0.173652 0.644792 0.076367 0.186528
10 0.427941 0.365083 0.119477 0.110667
10 0.308242 0.506049 0.148984 0.183458
3 0.306852 0.607868 0.075359 0.084347
3 0.472348 0.480701 0.052664 0.051958
