3 0.182434 0.939264 0.075086 0.115611
3 0.625430 0.422597 0.028359 0.050361
3 0.659586 0.621056 0.035953 0.094000
3 0.799324 0.632201 0.051570 0.047542
3 0.699043 0.854618 0.049664 0.132431
3 0.735723 0.936000 0.073617 0.114000
3 0.240137 0.567660 0.043695 0.080792
2 0.965996 0.642042 0.037461 0.090083
2 0.601406 0.389583 0.024219 0.043056
0 0.111152 0.697042 0.048477 0.101861
0 0.162949 0.618694 0.044102 0.090167
0 0.063777 0.706847 0.048477 0.101861
1 0.663125 0.764861 0.031719 0.083333
1 0.675645 0.963611 0.040117 0.072778
1 0.623945 0.569236 0.018828 0.044861
4 0.497508 0.389618 0.048750 0.075486
4 0.871305 0.922250 0.067594 0.155500
11 0.710352 0.673118 0.058750 0.172875
11 0.779871 0.807451 0.072711 0.265375
