10 0.378445 0.429125 0.111172 0.135694
10 0.207535 0.429944 0.097898 0.131417
10 0.103414 0.512465 0.151828 0.160764
9 0.266855 0.631347 0.068867 0.135694
6 0.836410 0.497792 0.081305 0.154722
3 0.525707 0.884958 0.063883 0.188639
3 0.781234 0.807528 0.077156 0.178611
3 0.444398 0.477069 0.040656 0.063417
1 0.260633 0.843583 0.028203 0.073750
1 0.661352 0.555972 0.023234 0.064889
1 0.573410 0.482299 0.021570 0.059153
0 0.205461 0.782521 0.032359 0.098819
0 0.050316 0.725660 0.048945 0.076847
0 0.283031 0.516222 0.026547 0.059139
0 0.658863 0.860549 0.033180 0.116514
0 0.771281 0.460250 0.022406 0.059000
