3 0.277211 0.925813 0.070672 0.147542
3 0.523203 0.871597 0.072344 0.191528
3 0.742109 0.927861 0.077344 0.139889
3 0.850680 0.930500 0.103172 0.139000
3 0.075676 0.952778 0.092789 0.094444
3 0.175367 0.832118 0.071984 0.132708
3 0.289992 0.677431 0.070844 0.093194
3 0.229379 0.689597 0.068602 0.078639
3 0.373359 0.594160 0.068484 0.073069
3 0.476754 0.477958 0.049555 0.046556
3 0.504789 0.428715 0.034594 0.058264
5 0.764684 0.695236 0.078695 0.153250
3 0.832547 0.709236 0.080859 0.143750
10 0.108633 0.718729 0.195234 0.319597
10 0.350828 0.513500 0.150531 0.187389
10 0.416824 0.399049 0.101383 0.116958
10 0.494648 0.346694 0.071641 0.099500
10 0.689762 0.389000 0.062555 0.138667
10 0.638855 0.382438 0.047352 0.122625
2 0.703633 0.814889 0.044609 0.105222
4 0.814980 0.795681 0.054758 0.127750
3 0.285781 0.801076 0.061281 0.105847
3 0.927188 0.860500 0.094375 0.161778
