5 0.637750 0.347340 0.033187 0.051625
3 0.317090 0.311208 0.020742 0.035389
2 0.491316 0.285403 0.015758 0.030972
2 0.531555 0.314160 0.019906 0.041292
2 0.791234 0.453535 0.028203 0.051625
2 0.954672 0.707965 0.049781 0.088486
2 0.820270 0.642326 0.039820 0.081125
2 0.728180 0.519174 0.033187 0.058986
2 0.315016 0.390118 0.018250 0.051625
2 0.401301 0.568583 0.031523 0.066361
2 0.289711 0.522861 0.025719 0.048667
2 0.268145 0.570056 0.029039 0.063417
2 0.161117 0.688785 0.042312 0.082597
10 0.348617 0.406340 0.047297 0.131264
10 0.314602 0.651924 0.093750 0.250736
9 0.420797 0.684361 0.082141 0.165194
4 0.623645 0.446903 0.039820 0.070806
