3 0.913566 0.907819 0.074664 0.181556
3 0.525293 0.878979 0.063055 0.185847
3 0.276395 0.658632 0.054758 0.087014
3 0.358117 0.624556 0.067203 0.078167
3 0.498738 0.396021 0.029867 0.045569
9 0.460578 0.441000 0.051438 0.076556
9 0.695367 0.434368 0.056422 0.113708
10 0.365168 0.509514 0.117805 0.169611
10 0.054402 0.822271 0.108805 0.349403
2 0.291746 0.699847 0.040648 0.087167
2 0.124984 0.648306 0.042312 0.081111
0 0.161074 0.869542 0.054758 0.107667
0 0.180156 0.819986 0.036500 0.109139
0 0.215418 0.772861 0.042305 0.097500
0 0.261051 0.736799 0.038992 0.107681
0 0.218320 0.685104 0.026547 0.086875
0 0.294234 0.489674 0.025719 0.059153
0 0.810687 0.769910 0.031531 0.124042
0 0.828113 0.575222 0.028211 0.076833
0 0.805297 0.494917 0.022406 0.060472
0 0.770039 0.435028 0.024891 0.047194
0 0.877059 0.541222 0.023227 0.061944
0 0.973297 0.654792 0.041484 0.091444
1 0.794098 0.857743 0.028211 0.098819
1 0.903609 0.699847 0.023234 0.087167
1 0.987480 0.761132 0.025039 0.082597
1 0.324934 0.426993 0.014102 0.042931
