3 0.523336 0.873375 0.072859 0.193750
3 0.336043 0.860465 0.095836 0.153708
3 0.231055 0.761458 0.055859 0.137917
3 0.262742 0.639514 0.064547 0.109861
4 0.218875 0.587431 0.077875 0.091250
3 0.164922 0.660181 0.067344 0.106472
0 0.167941 0.828542 0.046352 0.119278
10 0.683906 0.595486 0.094844 0.258472
10 0.253289 0.468833 0.125453 0.151278
10 0.845117 0.810417 0.208828 0.379167
3 0.284375 0.726319 0.055000 0.117083
0 0.106719 0.721528 0.035625 0.107778
3 0.200113 0.690118 0.066961 0.094681
3 0.320980 0.628687 0.065383 0.088764
3 0.319777 0.569701 0.064039 0.070792
3 0.380320 0.571826 0.066703 0.079764
3 0.373937 0.493361 0.041188 0.071444
5 0.482953 0.450181 0.047219 0.071750
10 0.462320 0.377778 0.109016 0.118333
2 0.410734 0.500507 0.044781 0.060458
2 0.424242 0.458250 0.048703 0.049556
