3 0.683281 0.691424 0.052187 0.114931
3 0.711625 0.619181 0.047797 0.100333
3 0.664188 0.614847 0.047797 0.081972
3 0.647828 0.549375 0.047797 0.082917
10 0.836797 0.789278 0.196875 0.388722
10 0.698543 0.427736 0.058383 0.166750
3 0.694180 0.541125 0.047797 0.080028
3 0.462703 0.421424 0.046156 0.049931
3 0.636953 0.487333 0.039062 0.057722
10 0.625477 0.350167 0.033297 0.134778
5 0.483984 0.445903 0.039219 0.066528
10 0.475680 0.340993 0.075828 0.093097
10 0.251957 0.646354 0.155445 0.247292
10 0.314668 0.472806 0.117273 0.134778
12 0.408996 0.448556 0.059977 0.090111
0 0.699922 0.805292 0.033281 0.116361
12 0.349285 0.852806 0.061586 0.152167
5 0.360480 0.576493 0.038102 0.074236
5 0.524609 0.880938 0.068594 0.192542
5 0.311672 0.680750 0.066969 0.116000
