3 0.761754 0.510278 0.065539 0.059000
0 0.897449 0.664090 0.036789 0.090458
2 0.270074 0.572250 0.028180 0.070972
2 0.294730 0.522854 0.036789 0.050097
2 0.316648 0.387174 0.014875 0.045931
2 0.625051 0.465097 0.028961 0.059833
2 0.774949 0.465097 0.042273 0.043139
2 0.928762 0.659222 0.036789 0.091833
2 0.882188 0.556944 0.042266 0.070972
2 0.634055 0.389951 0.023484 0.051486
5 0.636398 0.348903 0.032875 0.058444
2 0.162055 0.687750 0.042266 0.082111
4 0.710730 0.524285 0.049773 0.095875
2 0.514520 0.289035 0.015758 0.032458
3 0.318309 0.314847 0.019914 0.033917
