1 0.647664 0.470500 0.017422 0.047056
3 0.522801 0.877653 0.061398 0.179944
3 0.298797 0.755826 0.051437 0.104708
3 0.349406 0.573083 0.066375 0.092917
3 0.437762 0.500660 0.048945 0.081125
4 0.917297 0.902653 0.067203 0.188639
6 0.850512 0.606938 0.079648 0.199264
10 0.108395 0.830458 0.193305 0.336278
7 0.320785 0.938056 0.113664 0.121083
2 0.201727 0.569396 0.041484 0.067847
2 0.375125 0.393146 0.031531 0.054569
2 0.845535 0.477799 0.046461 0.070792
2 0.904023 0.771389 0.067203 0.085694
0 0.238645 0.822347 0.038992 0.095861
0 0.272246 0.655528 0.028211 0.078167
0 0.217492 0.502951 0.041484 0.053236
0 0.314145 0.435104 0.020742 0.059153
0 0.904852 0.550222 0.025719 0.061944
1 0.435688 0.446090 0.019906 0.048681
1 0.741414 0.556785 0.015766 0.069181
1 0.792020 0.511799 0.014102 0.053236
