3 0.629559 0.511729 0.035648 0.060208
3 0.638469 0.459451 0.039219 0.050708
3 0.665207 0.510146 0.035648 0.063375
3 0.659859 0.624229 0.042781 0.088736
3 0.705316 0.872993 0.055258 0.142597
3 0.738004 0.951368 0.062539 0.087014
3 0.704875 0.498500 0.033750 0.050000
3 0.683500 0.453500 0.031500 0.080000
1 0.665160 0.910333 0.028898 0.081278
1 0.676262 0.969451 0.028898 0.061097
1 0.189184 0.660139 0.028898 0.081278
2 0.282777 0.476597 0.028898 0.081278
1 0.623871 0.564799 0.028898 0.081264
2 0.655289 0.549660 0.028891 0.081264
11 0.718957 0.687257 0.078961 0.196792
11 0.781559 0.825181 0.069867 0.266167
4 0.844344 0.845833 0.042047 0.120417
4 0.868867 0.916424 0.067734 0.161931
10 0.954871 0.816000 0.090258 0.368000
