10 0.303359 0.558924 0.141875 0.206486
10 0.179742 0.533181 0.125281 0.160917
10 0.407895 0.441743 0.123617 0.151764
10 0.105906 0.534000 0.161781 0.200583
10 0.206703 0.427729 0.102875 0.126986
7 0.190527 0.651181 0.097070 0.128167
3 0.189281 0.834813 0.051437 0.120792
3 0.217492 0.719028 0.076328 0.096028
3 0.253582 0.772785 0.052273 0.115042
3 0.523219 0.872417 0.068859 0.178611
3 0.739758 0.876917 0.093750 0.163722
3 0.500402 0.409292 0.036508 0.060333
3 0.472195 0.468951 0.043141 0.067847
3 0.400430 0.553021 0.032359 0.070792
2 0.151121 0.730826 0.048117 0.093069
0 0.092215 0.753021 0.039820 0.072264
0 0.111715 0.808181 0.037336 0.091444
0 0.219980 0.883479 0.043148 0.106347
0 0.297555 0.664451 0.034016 0.086875
0 0.806125 0.607667 0.024062 0.076556
0 0.402504 0.495576 0.029867 0.053236
