10 0.218012 0.628917 0.155852 0.246889
10 0.677781 0.594903 0.104906 0.246861
10 0.878066 0.721132 0.170430 0.347181
10 0.321797 0.455736 0.121250 0.136861
10 0.442895 0.384007 0.082180 0.108375
10 0.624023 0.452618 0.058359 0.173375
10 0.765488 0.546562 0.085273 0.193264
6 0.777289 0.674125 0.080578 0.196750
3 0.755531 0.787174 0.074250 0.142875
2 0.964547 0.919257 0.070906 0.161486
5 0.524570 0.880778 0.069312 0.193167
3 0.305773 0.685236 0.055578 0.091472
12 0.250695 0.769174 0.081734 0.176375
2 0.280145 0.906007 0.062680 0.139931
3 0.074395 0.935035 0.093945 0.129931
3 0.188082 0.833236 0.058523 0.116583
2 0.322320 0.551014 0.037547 0.067417
12 0.374312 0.514146 0.054500 0.097819
12 0.765742 0.395556 0.035078 0.075278
5 0.705789 0.447847 0.036391 0.082361
3 0.492352 0.419486 0.034672 0.044917
1 0.321625 0.774431 0.018938 0.044472
1 0.196434 0.948264 0.022758 0.040417
3 0.790559 0.452285 0.037789 0.055986
3 0.864133 0.549743 0.054547 0.078569
