2 0.169645 0.749382 0.047617 0.100236
5 0.320234 0.903472 0.069312 0.166000
5 0.524164 0.880028 0.069312 0.183833
3 0.238297 0.907493 0.064516 0.130292
3 0.221445 0.736750 0.054453 0.097889
10 0.414840 0.452937 0.102352 0.145792
3 0.650047 0.549354 0.048656 0.083514
10 0.081094 0.899653 0.162187 0.200694
2 0.048277 0.754549 0.047617 0.100236
2 0.508500 0.415576 0.024719 0.053292
10 0.463813 0.367458 0.072375 0.086194
10 0.357445 0.453681 0.111141 0.145778
6 0.683086 0.465896 0.036797 0.107931
6 0.764285 0.328958 0.033773 0.075556
11 0.286852 0.715792 0.071453 0.180083
6 0.721965 0.654021 0.109039 0.219736
10 0.851750 0.670271 0.145281 0.308097
10 0.623840 0.442771 0.059664 0.164458
2 0.954141 0.863118 0.065000 0.176542
10 0.748492 0.523521 0.082078 0.182403
10 0.229238 0.602111 0.162930 0.230778
3 0.828391 0.498396 0.050719 0.056542
5 0.684414 0.375799 0.026953 0.054181
0 0.345484 0.770167 0.030500 0.068667
