10 0.767574 0.704437 0.124055 0.343319
10 0.357336 0.495410 0.114078 0.170819
10 0.263281 0.522986 0.130000 0.183194
10 0.341324 0.849111 0.122070 0.301778
3 0.521926 0.876139 0.063039 0.195611
9 0.156207 0.825389 0.066023 0.144111
0 0.870141 0.780937 0.037000 0.112069
0 0.249770 0.817431 0.035023 0.078194
0 0.205742 0.807618 0.031016 0.083597
0 0.262273 0.764042 0.032016 0.085389
1 0.948363 0.686472 0.024133 0.066000
1 0.675926 0.524757 0.019492 0.059403
3 0.285613 0.613861 0.072398 0.085806
3 0.219711 0.691417 0.048266 0.082500
3 0.268437 0.699667 0.054766 0.085806
3 0.208574 0.924924 0.074258 0.123764
3 0.064695 0.942243 0.107672 0.115514
