2 0.493109 0.224403 0.013203 0.030417
2 0.278484 0.568188 0.028016 0.075403
2 0.340582 0.466542 0.026508 0.071361
2 0.238727 0.570875 0.031813 0.083472
2 0.678340 0.465194 0.023477 0.052500
2 0.706363 0.462500 0.026508 0.055194
2 0.521957 0.306326 0.016664 0.041736
2 0.538242 0.272000 0.014391 0.037694
2 0.670008 0.422111 0.032563 0.057889
2 0.760887 0.587042 0.035586 0.078083
2 0.364816 0.225549 0.021961 0.041736
2 0.924844 0.654354 0.051500 0.094236
2 0.463285 0.211799 0.013195 0.027819
9 0.395082 0.205278 0.020539 0.042583
1 0.632781 0.406160 0.018141 0.070625
