4 0.261289 0.745486 0.072422 0.124583
10 0.745156 0.768285 0.166094 0.371208
3 0.520914 0.872389 0.072859 0.193750
9 0.125559 0.788437 0.136555 0.168375
10 0.744605 0.543118 0.133742 0.225125
10 0.120277 0.553778 0.152414 0.213111
7 0.350438 0.526035 0.059125 0.085431
3 0.292031 0.505229 0.062344 0.071208
2 0.140695 0.670417 0.092047 0.118056
3 0.400453 0.545924 0.051906 0.073986
3 0.387539 0.484993 0.047578 0.058069
3 0.440836 0.446215 0.046047 0.055903
3 0.469867 0.471576 0.050047 0.061847
3 0.286289 0.568889 0.061953 0.076111
3 0.348512 0.597222 0.058633 0.077222
3 0.303426 0.671201 0.065180 0.104903
2 0.226574 0.907083 0.067055 0.134167
10 0.290937 0.439306 0.107813 0.137222
5 0.504359 0.421562 0.044250 0.070486
3 0.190703 0.869931 0.096250 0.135972
