3 0.310742 0.779549 0.065234 0.126319
11 0.658062 0.487306 0.047031 0.141667
4 0.288453 0.616187 0.063109 0.083903
10 0.717461 0.644653 0.086797 0.302083
12 0.353590 0.871181 0.053914 0.127639
3 0.246695 0.904771 0.074734 0.153153
3 0.162223 0.903736 0.069148 0.157194
3 0.232441 0.802778 0.066367 0.114444
3 0.140418 0.775486 0.069164 0.119306
3 0.207828 0.704361 0.059656 0.110389
3 0.261254 0.704326 0.064680 0.104486
3 0.225738 0.612826 0.057430 0.094542
3 0.295645 0.570556 0.067461 0.083611
3 0.323086 0.515382 0.042891 0.064653
3 0.359156 0.607375 0.070281 0.087528
3 0.396066 0.535785 0.047867 0.071569
3 0.522500 0.875417 0.070312 0.203889
10 0.387676 0.428125 0.134336 0.152361
10 0.856406 0.709729 0.192031 0.343069
10 0.108793 0.543667 0.138352 0.189833
