5 0.324012 0.917014 0.074945 0.165972
10 0.120359 0.756153 0.191031 0.311861
1 0.190070 0.876514 0.018359 0.047139
1 0.135309 0.942368 0.021102 0.047153
10 0.832695 0.619326 0.136484 0.262736
10 0.917633 0.853222 0.164734 0.293556
10 0.614684 0.355403 0.038758 0.105583
10 0.655500 0.540840 0.098375 0.217486
3 0.389094 0.536958 0.059984 0.055861
3 0.477734 0.477347 0.038125 0.045028
3 0.237023 0.951819 0.064516 0.096361
3 0.784449 0.448215 0.042977 0.055875
10 0.733004 0.500146 0.080711 0.166653
10 0.723320 0.749590 0.140234 0.364708
0 0.344078 0.765861 0.034031 0.070056
10 0.306348 0.502785 0.125711 0.123569
7 0.815734 0.771090 0.070063 0.113292
10 0.242176 0.670292 0.144820 0.270806
5 0.523047 0.880542 0.064766 0.197361
11 0.278828 0.773507 0.097969 0.210375
10 0.437926 0.425132 0.099305 0.131681
