10 0.320824 0.570750 0.144070 0.204556
6 0.276652 0.759750 0.084555 0.231611
10 0.161883 0.807264 0.164234 0.353806
12 0.345363 0.835389 0.062164 0.149250
5 0.524211 0.878042 0.068594 0.192556
3 0.696516 0.783063 0.063047 0.137236
3 0.789488 0.927965 0.091961 0.144069
3 0.677160 0.648250 0.047242 0.106278
3 0.653730 0.548458 0.039023 0.075250
3 0.725688 0.634750 0.041750 0.102444
5 0.490957 0.428750 0.034805 0.061667
10 0.839840 0.795778 0.196258 0.384972
10 0.696039 0.451882 0.051875 0.171681
10 0.630687 0.394750 0.048250 0.156167
