2 0.280957 0.530903 0.037336 0.061944
2 0.160246 0.682896 0.043148 0.079792
2 0.397109 0.497792 0.025719 0.054722
2 0.377613 0.480750 0.023227 0.050139
2 0.722746 0.518437 0.034852 0.069458
2 0.670895 0.496389 0.029039 0.057528
2 0.623602 0.407153 0.027375 0.047194
2 0.787875 0.615042 0.040656 0.076556
2 0.809445 0.478687 0.027375 0.054569
2 0.956293 0.704208 0.047289 0.075222
2 0.970395 0.857667 0.057242 0.113417
2 0.405820 0.319319 0.016594 0.036722
2 0.367242 0.335472 0.019078 0.036861
2 0.314977 0.387833 0.017422 0.047194
5 0.635219 0.349556 0.034016 0.053250
9 0.463898 0.587757 0.053094 0.119625
3 0.361434 0.847278 0.072180 0.137167
3 0.318293 0.314160 0.022398 0.032292
10 0.346500 0.405535 0.043969 0.129792
