3 0.405285 0.486153 0.039086 0.054861
3 0.356313 0.470813 0.037469 0.051986
3 0.634180 0.524271 0.037203 0.068514
3 0.667402 0.513639 0.039867 0.056694
3 0.641488 0.465208 0.041195 0.054333
3 0.661422 0.627042 0.049172 0.094500
3 0.701953 0.865660 0.047844 0.132292
1 0.680324 0.967146 0.039164 0.065708
1 0.662387 0.760236 0.039164 0.105083
1 0.188988 0.716326 0.039164 0.105097
1 0.214535 0.704222 0.039164 0.105083
1 0.125980 0.792014 0.039164 0.105083
11 0.779992 0.827188 0.072719 0.258569
11 0.713242 0.690792 0.055547 0.187972
10 0.952895 0.806201 0.093961 0.371903
