3 0.288344 0.766458 0.055344 0.105694
1 0.879617 0.872958 0.045484 0.094361
3 0.278047 0.895583 0.063484 0.144111
3 0.522391 0.871319 0.072484 0.193194
3 0.751402 0.949590 0.077977 0.100819
3 0.193945 0.748681 0.073859 0.122917
3 0.105293 0.842528 0.069305 0.122278
3 0.334531 0.622431 0.063641 0.073833
3 0.311559 0.585903 0.068492 0.065194
3 0.961434 0.933840 0.077133 0.129625
3 0.858961 0.756806 0.085484 0.165556
3 0.495809 0.450528 0.037867 0.047278
2 0.138297 0.914333 0.059813 0.133667
2 0.254871 0.649438 0.035742 0.083069
2 0.709727 0.846125 0.045234 0.119472
1 0.201695 0.889208 0.035359 0.106472
0 0.211055 0.791979 0.041766 0.099653
0 0.661824 0.816000 0.034508 0.122722
4 0.804586 0.855333 0.064734 0.156778
5 0.769520 0.696250 0.078742 0.145722
10 0.172422 0.626597 0.174938 0.257639
10 0.410133 0.457486 0.112766 0.157250
10 0.645539 0.419097 0.053609 0.149306
10 0.692695 0.391875 0.059578 0.142361
4 0.792707 0.468681 0.041523 0.059306
0 0.953945 0.664528 0.031687 0.094694
