2 0.454977 0.452167 0.043641 0.057667
2 0.508664 0.423743 0.032984 0.044986
9 0.086914 0.725951 0.173828 0.261069
9 0.816793 0.770278 0.190117 0.401972
9 0.378148 0.450396 0.106359 0.117736
9 0.301082 0.593507 0.154867 0.187347
3 0.342395 0.812903 0.094273 0.167806
2 0.269680 0.905597 0.060797 0.146306
2 0.523617 0.873688 0.072187 0.194292
1 0.402258 0.942854 0.073125 0.114292
0 0.262695 0.710208 0.024953 0.088194
9 0.161613 0.828125 0.166461 0.343750
1 0.307582 0.732778 0.040617 0.109167
4 0.329680 0.635965 0.077516 0.111375
2 0.707141 0.770625 0.064625 0.142361
0 0.731656 0.526389 0.024953 0.075556
11 0.678723 0.557604 0.045367 0.115347
11 0.479969 0.406722 0.041938 0.069556
2 0.413207 0.485625 0.056086 0.075417
2 0.497102 0.458167 0.044703 0.055778
12 0.336988 0.951354 0.047727 0.094653
