1 0.224547 0.957965 0.025719 0.069181
1 0.112957 0.890931 0.033180 0.085556
1 0.816496 0.797194 0.024883 0.080972
1 0.743488 0.733111 0.023227 0.094389
1 0.697027 0.555306 0.021570 0.066222
0 0.230766 0.781785 0.028203 0.109153
0 0.232012 0.678542 0.032352 0.088500
0 0.166469 0.679278 0.029031 0.081111
0 0.114203 0.696236 0.042312 0.088500
0 0.364754 0.499924 0.027383 0.067847
0 0.334887 0.610687 0.027383 0.067847
0 0.828113 0.571535 0.021570 0.066514
0 0.918957 0.651993 0.030695 0.094403
0 0.875398 0.557451 0.026547 0.067847
0 0.806539 0.463056 0.023234 0.061944
0 0.334469 0.409368 0.016594 0.051625
3 0.165641 0.934444 0.075500 0.122417
3 0.524461 0.876840 0.064719 0.193069
3 0.339449 0.561208 0.054758 0.069167
10 0.264781 0.533847 0.132750 0.182889
10 0.103418 0.524257 0.156805 0.190264
10 0.209609 0.427729 0.103703 0.126986
