2 0.522707 0.873694 0.072133 0.192556
2 0.751129 0.925833 0.085320 0.147083
11 0.725172 0.768090 0.070891 0.169153
12 0.656172 0.762160 0.036031 0.113347
9 0.814691 0.770521 0.190117 0.391319
3 0.691691 0.596847 0.056898 0.138250
2 0.259348 0.891757 0.083883 0.183458
9 0.250500 0.634903 0.140359 0.257639
2 0.478582 0.473417 0.044148 0.058222
2 0.501035 0.432590 0.032617 0.049347
2 0.494918 0.406347 0.038445 0.045194
2 0.565305 0.466799 0.029547 0.071931
9 0.396145 0.437611 0.122867 0.140778
12 0.328910 0.916604 0.039367 0.113347
12 0.346961 0.817535 0.036031 0.113347
9 0.163195 0.831458 0.175328 0.337083
