0 0.917297 0.727951 0.057250 0.084069
0 0.301285 0.915861 0.046461 0.091444
0 0.290500 0.538347 0.024891 0.052944
0 0.276398 0.478687 0.026547 0.054569
0 0.348988 0.436500 0.022398 0.044250
0 0.518238 0.404056 0.019086 0.047194
0 0.624016 0.479278 0.018250 0.041306
0 0.694539 0.477806 0.031531 0.044250
0 0.847191 0.517625 0.021570 0.047194
1 0.226203 0.938868 0.029031 0.098819
1 0.307512 0.710910 0.020742 0.079792
1 0.804055 0.525882 0.024891 0.054569
1 0.594566 0.409292 0.020742 0.033778
3 0.526535 0.875368 0.065539 0.190125
3 0.838480 0.894611 0.062227 0.166667
3 0.674625 0.583410 0.044797 0.081125
3 0.754687 0.614229 0.050609 0.098819
3 0.703250 0.452139 0.037328 0.057528
3 0.650566 0.442556 0.033180 0.059000
3 0.446059 0.461722 0.048945 0.061944
3 0.474266 0.422569 0.042312 0.045583
10 0.085516 0.692549 0.171031 0.293514
10 0.105906 0.518437 0.155141 0.175375
10 0.209195 0.428389 0.107859 0.122417
10 0.735605 0.712389 0.097070 0.280389
