0 0.653469 0.845208 0.034016 0.126833
0 0.957535 0.924042 0.039820 0.113722
0 0.271418 0.737465 0.026555 0.059153
0 0.302117 0.680604 0.028203 0.069319
0 0.331156 0.639451 0.026547 0.072264
0 0.226203 0.601840 0.022406 0.064903
1 0.778332 0.771382 0.024883 0.079792
1 0.933063 0.649625 0.024062 0.060472
2 0.261879 0.707153 0.038992 0.101778
3 0.140746 0.929278 0.063883 0.126833
3 0.217078 0.850222 0.068859 0.122417
3 0.312488 0.828910 0.065539 0.126986
3 0.380520 0.921903 0.097070 0.132750
3 0.522387 0.881340 0.073836 0.193208
3 0.478000 0.464528 0.039828 0.059000
3 0.838066 0.479354 0.036508 0.055903
5 0.865445 0.813354 0.101219 0.190264
5 0.274324 0.641521 0.078820 0.117986
5 0.398770 0.547194 0.052273 0.100444
10 0.096781 0.786875 0.186672 0.358250
10 0.145727 0.597271 0.198281 0.221236
10 0.102586 0.541368 0.151828 0.206486
10 0.207121 0.432965 0.102039 0.140125
10 0.344012 0.520576 0.133570 0.182903
10 0.447305 0.429944 0.104531 0.131417
6 0.794926 0.452729 0.061398 0.129792
6 0.285109 0.894465 0.120297 0.190264
