2 0.292613 0.526465 0.035211 0.052958
5 0.637469 0.350722 0.035203 0.057778
3 0.318793 0.311403 0.022570 0.033694
11 0.379277 0.404486 0.038820 0.101111
3 0.724133 0.505597 0.076734 0.065806
3 0.439313 0.304181 0.021672 0.028889
2 0.267336 0.568986 0.029797 0.057778
2 0.160809 0.686951 0.046039 0.085069
2 0.316086 0.386833 0.017156 0.043333
2 0.579242 0.340292 0.019859 0.040111
2 0.902426 0.739111 0.043336 0.093083
2 0.878055 0.647632 0.032500 0.077042
2 0.799512 0.485535 0.021664 0.057764
3 0.843746 0.520042 0.041523 0.081861
