12 0.324691 0.538069 0.083117 0.112750
10 0.647285 0.475000 0.072773 0.170556
10 0.802695 0.729979 0.160703 0.346431
10 0.758219 0.865451 0.148719 0.269097
10 0.864695 0.576750 0.135766 0.247889
5 0.524844 0.877910 0.062969 0.190042
5 0.388406 0.570056 0.064484 0.082611
5 0.743094 0.522326 0.048031 0.077847
3 0.683938 0.644160 0.053594 0.091958
3 0.385277 0.502486 0.048352 0.047528
3 0.504371 0.427514 0.036414 0.043583
3 0.386020 0.460340 0.049836 0.041542
3 0.411988 0.410563 0.043523 0.038875
3 0.479164 0.470292 0.045734 0.057472
3 0.470586 0.414882 0.039766 0.048847
3 0.432340 0.466625 0.037195 0.063417
3 0.266910 0.770271 0.060539 0.104736
3 0.262301 0.920111 0.081320 0.159778
10 0.260844 0.532319 0.105187 0.185917
10 0.703773 0.426958 0.071047 0.143861
12 0.713605 0.591417 0.050133 0.124944
3 0.331676 0.659271 0.061945 0.112514
1 0.671563 0.876451 0.017547 0.045125
1 0.663531 0.795500 0.017547 0.045139
0 0.237211 0.711208 0.039687 0.079750
2 0.211461 0.656451 0.032547 0.078486
