10 0.099684 0.520576 0.157633 0.171097
10 0.211684 0.434368 0.092914 0.131125
10 0.130797 0.733701 0.145187 0.305319
3 0.525289 0.882007 0.069688 0.188653
3 0.421172 0.509583 0.043969 0.063278
3 0.467629 0.440931 0.038992 0.059000
3 0.666746 0.470424 0.032352 0.070792
3 0.641023 0.388646 0.025719 0.048819
3 0.835164 0.492549 0.040656 0.067847
9 0.782062 0.498597 0.042312 0.088500
1 0.747637 0.629056 0.023227 0.072417
1 0.799488 0.658479 0.027383 0.072264
1 0.845949 0.592104 0.015758 0.069319
1 0.863371 0.558181 0.012445 0.060472
1 0.741828 0.455750 0.018250 0.059139
0 0.252336 0.582597 0.041484 0.056194
0 0.262293 0.500000 0.029867 0.059139
0 0.300043 0.488125 0.022398 0.059000
0 0.337789 0.399778 0.026547 0.047194
0 0.297969 0.900444 0.034844 0.110472
0 0.353137 0.951250 0.053930 0.091444
0 0.767965 0.691076 0.029039 0.098819
0 0.806129 0.938722 0.055586 0.107667
0 0.816082 0.607597 0.027383 0.085556
0 0.886187 0.617326 0.033188 0.081125
7 0.365996 0.405681 0.029867 0.059000
