10 0.826039 0.716076 0.143531 0.334958
10 0.109230 0.816375 0.214867 0.355306
10 0.100926 0.708771 0.199945 0.296458
10 0.309996 0.553174 0.155148 0.230097
10 0.101344 0.531639 0.154312 0.193222
10 0.208367 0.429938 0.102875 0.137319
10 0.396281 0.429938 0.108687 0.148819
11 0.686242 0.558264 0.054750 0.154722
3 0.186379 0.895944 0.090430 0.151917
3 0.322855 0.810403 0.064711 0.122417
3 0.298379 0.711653 0.063883 0.107528
3 0.459750 0.482375 0.043141 0.061944
3 0.524461 0.881194 0.074672 0.190278
3 0.808199 0.539750 0.033180 0.085556
5 0.358945 0.918146 0.110344 0.155014
2 0.227031 0.930604 0.050609 0.112097
2 0.734359 0.588493 0.033188 0.076542
2 0.977035 0.721979 0.038992 0.086875
2 0.936383 0.626771 0.042313 0.088486
1 0.255238 0.746243 0.022398 0.064903
1 0.255652 0.701250 0.021570 0.060472
1 0.978695 0.879056 0.034016 0.097500
1 0.480492 0.435028 0.016594 0.047194
0 0.258559 0.826694 0.035680 0.113417
0 0.824793 0.483701 0.021570 0.067847
0 0.255238 0.488861 0.029039 0.060472
