2 0.682348 0.429618 0.022492 0.033125
3 0.440145 0.511910 0.029742 0.066097
2 0.608449 0.403917 0.019914 0.054833
2 0.639613 0.417618 0.021852 0.050264
2 0.647965 0.378208 0.023133 0.049111
2 0.672707 0.459319 0.023773 0.053694
2 0.502102 0.263972 0.016703 0.037694
2 0.705801 0.462743 0.025711 0.058264
2 0.914641 0.772326 0.047547 0.094819
2 0.950309 0.698653 0.048195 0.082250
2 0.363301 0.242833 0.014133 0.036556
2 0.919461 0.648382 0.035344 0.070819
2 0.790621 0.475313 0.028273 0.051403
1 0.516238 0.304521 0.011570 0.041125
2 0.527805 0.334229 0.019281 0.031986
