0 0.330324 0.770722 0.031523 0.101778
0 0.278469 0.716000 0.032359 0.092917
0 0.275980 0.612764 0.027383 0.075222
0 0.221223 0.534000 0.020742 0.064889
0 0.254414 0.497715 0.025719 0.063431
0 0.380520 0.457896 0.022398 0.051625
0 0.365582 0.446236 0.020742 0.057528
0 0.939699 0.713861 0.040648 0.097194
0 0.859227 0.529569 0.025719 0.061944
0 0.807371 0.461653 0.021570 0.053250
1 0.675871 0.679278 0.027383 0.075222
1 0.614477 0.527215 0.019078 0.048681
1 0.445230 0.460181 0.015758 0.041444
1 0.892410 0.547271 0.022398 0.061958
3 0.150293 0.921090 0.087945 0.145875
3 0.526535 0.874708 0.062227 0.185833
3 0.730211 0.893806 0.069687 0.165056
3 0.347332 0.505826 0.058898 0.064903
3 0.405410 0.521313 0.055586 0.063431
3 0.655133 0.474264 0.034016 0.072278
3 0.756348 0.558993 0.052273 0.073597
9 0.406652 0.385028 0.038164 0.070806
10 0.808617 0.797861 0.145188 0.392333
11 0.183062 0.463125 0.085453 0.141444
