6 0.822305 0.452729 0.066375 0.141597
10 0.210855 0.433556 0.106195 0.138639
1 0.790777 0.950667 0.031523 0.092917
1 0.750953 0.601847 0.028203 0.061944
1 0.390473 0.395285 0.024055 0.035542
2 0.321613 0.652729 0.029039 0.075208
0 0.034969 0.921090 0.039828 0.104569
0 0.241137 0.884146 0.043977 0.095875
0 0.241551 0.799479 0.038164 0.097347
0 0.236574 0.715340 0.028211 0.082736
0 0.161906 0.709361 0.031531 0.091444
0 0.287598 0.648153 0.029039 0.078167
0 0.317465 0.584000 0.027383 0.064889
0 0.302945 0.455681 0.016594 0.061944
0 0.351895 0.427722 0.023227 0.050000
0 0.919371 0.897493 0.029867 0.093069
0 0.958367 0.743437 0.034844 0.094403
0 0.903609 0.588424 0.034844 0.073736
3 0.527367 0.881340 0.068859 0.193208
3 0.428223 0.469028 0.041477 0.059139
3 0.411215 0.442556 0.043977 0.044250
3 0.455598 0.433556 0.038164 0.044250
5 0.349820 0.525146 0.058906 0.085542
10 0.845535 0.660764 0.157633 0.301028
10 0.240723 0.466007 0.101211 0.141597
