0 0.319125 0.733854 0.032359 0.081125
0 0.670480 0.767035 0.038164 0.094403
0 0.898215 0.789083 0.032352 0.100444
0 0.969566 0.706417 0.032352 0.085556
0 0.931816 0.696903 0.033180 0.083917
0 0.273906 0.577438 0.023234 0.069181
0 0.253582 0.522792 0.022398 0.057528
1 0.857563 0.811944 0.027375 0.083917
1 0.590004 0.548007 0.028211 0.057514
1 0.379688 0.510326 0.022406 0.055903
1 0.451453 0.455750 0.016594 0.053250
2 0.926426 0.764750 0.035680 0.104583
3 0.525707 0.879868 0.062227 0.190264
3 0.335719 0.612903 0.067203 0.072278
3 0.501645 0.375368 0.038992 0.042931
3 0.662598 0.505090 0.043977 0.092931
9 0.257730 0.791229 0.080477 0.187319
10 0.324930 0.471903 0.130250 0.153389
10 0.103000 0.513201 0.151000 0.156347
10 0.206707 0.427069 0.104539 0.122417
