10 0.443594 0.390896 0.089469 0.117903
3 0.277316 0.933146 0.083289 0.133708
3 0.168258 0.866035 0.078547 0.132625
3 0.283789 0.814118 0.063203 0.113986
3 0.522637 0.874118 0.068914 0.193708
3 0.252484 0.737194 0.071375 0.094778
3 0.324230 0.646715 0.078258 0.073708
3 0.379977 0.581743 0.061516 0.059319
3 0.821238 0.890750 0.086742 0.163500
3 0.716527 0.821444 0.063086 0.140167
3 0.903754 0.822701 0.089539 0.152014
3 0.774363 0.623375 0.059070 0.123861
2 0.224512 0.832826 0.048320 0.112403
2 0.682453 0.709292 0.043312 0.095861
2 0.804656 0.549646 0.033563 0.069042
4 0.750781 0.663375 0.076719 0.137972
10 0.072902 0.815375 0.143102 0.369250
10 0.249535 0.597583 0.185617 0.239000
10 0.354297 0.459028 0.131406 0.146111
10 0.628223 0.358125 0.041992 0.118194
10 0.678199 0.358236 0.050133 0.117417
2 0.973496 0.658139 0.048086 0.082111
0 0.924348 0.732222 0.042289 0.097222
0 0.742070 0.552000 0.029922 0.074611
