10 0.429883 0.415264 0.082969 0.131278
6 0.906512 0.624701 0.121961 0.231569
2 0.136187 0.680757 0.044797 0.084069
2 0.306680 0.750813 0.035672 0.109153
2 0.766719 0.539160 0.026547 0.075208
0 0.192605 0.765417 0.038164 0.094389
0 0.243211 0.792035 0.039828 0.076542
0 0.273078 0.862167 0.036500 0.095861
10 0.206707 0.432889 0.094586 0.131417
10 0.339863 0.429208 0.088773 0.144694
0 0.330738 0.848750 0.053930 0.092917
9 0.389645 0.509583 0.082133 0.110472
0 0.346500 0.935104 0.048953 0.097208
0 0.779578 0.854056 0.035672 0.126833
0 0.772938 0.474118 0.025719 0.057514
0 0.801980 0.479424 0.020742 0.064903
0 0.787043 0.432965 0.022398 0.057514
0 0.216660 0.536875 0.029867 0.070639
0 0.253996 0.511063 0.028211 0.060319
0 0.262707 0.468215 0.020742 0.051625
3 0.265199 0.727139 0.063883 0.106333
1 0.106320 0.741153 0.026547 0.066528
1 0.678777 0.488937 0.019914 0.051764
1 0.698687 0.456493 0.026547 0.045569
7 0.240723 0.600368 0.082961 0.094403
1 0.977109 0.851028 0.045781 0.103389
3 0.478832 0.456563 0.036508 0.057514
3 0.522387 0.878986 0.063883 0.179944
2 0.050734 0.880528 0.091266 0.147639
