5 0.635664 0.348313 0.031594 0.059375
10 0.347680 0.406896 0.044234 0.131597
10 0.577434 0.415722 0.070414 0.146056
4 0.677637 0.528868 0.050555 0.070625
3 0.318793 0.315417 0.024367 0.038528
3 0.535457 0.292146 0.022570 0.033708
3 0.789582 0.631583 0.074023 0.093083
3 0.860449 0.553743 0.047852 0.094681
9 0.493027 0.296160 0.033398 0.054569
2 0.140500 0.732687 0.059578 0.067403
2 0.159457 0.674910 0.043336 0.060986
2 0.266434 0.573007 0.029789 0.052958
2 0.304801 0.546521 0.028883 0.060986
2 0.315184 0.386028 0.017148 0.041722
2 0.713750 0.448618 0.036109 0.054569
2 0.808992 0.531278 0.027984 0.059389
2 0.897012 0.676514 0.037914 0.086667
2 0.936281 0.820958 0.044234 0.121972
7 0.514238 0.370785 0.030695 0.072208
