3 0.524879 0.885618 0.072180 0.193208
0 0.137434 0.853910 0.037336 0.094403
0 0.322441 0.595868 0.022398 0.073597
0 0.305434 0.508778 0.018258 0.064889
0 0.824793 0.485986 0.021570 0.063278
0 0.907340 0.727944 0.038992 0.104722
0 0.969148 0.710917 0.041484 0.076556
0 0.931820 0.588569 0.024891 0.070806
0 0.901121 0.621750 0.028211 0.075222
2 0.864613 0.529569 0.029867 0.094389
2 0.714449 0.598083 0.029867 0.072417
5 0.679605 0.530903 0.041477 0.103250
1 0.129547 0.765563 0.026547 0.070792
1 0.792023 0.492625 0.019078 0.053250
3 0.268930 0.569986 0.051437 0.072278
3 0.493348 0.398965 0.032352 0.045569
10 0.233254 0.820132 0.147680 0.351042
10 0.205465 0.510986 0.123617 0.169611
10 0.206289 0.428465 0.110344 0.131125
