3 0.700547 0.797222 0.043922 0.120111
3 0.761445 0.837014 0.060813 0.175667
3 0.720395 0.944514 0.054898 0.108111
3 0.652492 0.581910 0.032094 0.070569
3 0.567566 0.464792 0.017820 0.064556
0 0.211992 0.801125 0.046531 0.064556
0 0.261359 0.759757 0.030406 0.071931
0 0.281715 0.809306 0.037164 0.068917
0 0.320063 0.792868 0.031250 0.057069
0 0.328508 0.863368 0.031250 0.080931
0 0.270691 0.659160 0.026945 0.086931
0 0.425250 0.897146 0.040625 0.046403
0 0.466258 0.879806 0.038000 0.045056
11 0.703586 0.632208 0.063344 0.174167
11 0.769047 0.645646 0.062500 0.186042
11 0.211992 0.641889 0.085219 0.127778
11 0.843371 0.579653 0.082773 0.147139
11 0.660895 0.462465 0.059039 0.140986
7 0.372086 0.947486 0.086156 0.105028
1 0.096707 0.741069 0.045523 0.055556
3 0.475082 0.442118 0.047211 0.070569
3 0.510516 0.375375 0.037156 0.039194
2 0.441719 0.480479 0.026266 0.024181
0 0.894383 0.653153 0.031250 0.065917
