5 0.637617 0.347375 0.033016 0.051722
2 0.145477 0.740806 0.066031 0.081056
10 0.347520 0.401882 0.044023 0.129986
10 0.375035 0.482944 0.081758 0.166306
3 0.319219 0.311736 0.020438 0.030750
3 0.434766 0.378889 0.026719 0.044722
0 0.239816 0.645069 0.037742 0.065694
9 0.442254 0.303354 0.030664 0.064292
4 0.701297 0.501118 0.045594 0.068486
2 0.918277 0.582174 0.036164 0.074069
2 0.820398 0.581472 0.044813 0.075472
2 0.957191 0.706562 0.049523 0.088042
2 0.809391 0.661146 0.049531 0.095042
2 0.313715 0.387208 0.018867 0.044722
2 0.307426 0.541646 0.026727 0.054514
2 0.273625 0.555625 0.029875 0.062889
2 0.161594 0.685604 0.040094 0.068486
