0 0.161902 0.728535 0.046461 0.067847
0 0.205465 0.828243 0.030695 0.081125
0 0.236988 0.794986 0.024055 0.059139
0 0.301289 0.639306 0.026547 0.095861
0 0.796168 0.797861 0.029039 0.112083
0 0.799902 0.476479 0.018258 0.050153
0 0.152777 0.693285 0.054758 0.067847
1 0.765477 0.685028 0.017422 0.078167
3 0.141992 0.895278 0.061391 0.144694
3 0.202559 0.940264 0.063055 0.107528
3 0.202145 0.771458 0.045633 0.109139
3 0.258559 0.738201 0.052273 0.087181
3 0.249020 0.668139 0.071352 0.082750
3 0.526535 0.876771 0.057242 0.196153
3 0.480074 0.469840 0.038992 0.072264
5 0.703664 0.597424 0.051438 0.115042
3 0.505379 0.402729 0.034852 0.058986
2 0.209195 0.653319 0.048125 0.082583
10 0.326590 0.533924 0.130258 0.212236
10 0.422828 0.421090 0.108687 0.140264
10 0.178914 0.539160 0.120297 0.181403
10 0.100926 0.517701 0.143523 0.165347
10 0.210441 0.432076 0.090430 0.129792
